run:
-------Uniform cost search c1 tinyMaze-------
Path: (5,1)(5,2)(5,3)(4,3)(4,4)(3,4)(2,4)(2,5)(1,5)
Path Cost:8
#Nodes Expanded:14
Maximum Depth Reached:9
Maximum Size Frontier:3
-------Uniform cost search c2 tinyMaze-------
Path: (5,1)(4,1)(3,1)(2,1)(1,1)(1,2)(1,3)(2,3)(2,4)(2,5)(1,5)
Path Cost:10
#Nodes Expanded:11
Maximum Depth Reached:10
Maximum Size Frontier:3
----------------------------------------
-------Uniform cost search c1 smallMaze-------
Path: (11,3)(12,3)(13,3)(13,4)(13,5)(12,5)(12,6)(12,7)(11,7)(10,7)(10,8)(9,8)(8,8)(7,8)(6,8)(5,8)(4,8)(3,8)(2,8)(1,8)
Path Cost:19
#Nodes Expanded:85
Maximum Depth Reached:25
Maximum Size Frontier:6
-------Uniform cost search c2 smallMaze-------
Path: (11,3)(10,3)(9,3)(8,3)(7,3)(6,3)(6,4)(6,5)(6,6)(7,6)(8,6)(8,5)(9,5)(10,5)(11,5)(12,5)(12,6)(12,7)(11,7)(10,7)(10,8)(9,8)(8,8)(7,8)(6,8)(5,8)(4,8)(3,8)(2,8)(1,8)
Path Cost:29
#Nodes Expanded:58
Maximum Depth Reached:29
Maximum Size Frontier:5
----------------------------------------
-------Uniform cost search c1 mediumMaze-------
Path: (34,1)(34,2)(34,3)(33,3)(32,3)(31,3)(30,3)(30,4)(30,5)(31,5)(32,5)(33,5)(34,5)(34,6)(34,7)(33,7)(32,7)(31,7)(30,7)(30,8)(30,9)(31,9)(32,9)(33,9)(34,9)(34,10)(34,11)(33,11)(32,11)(31,11)(30,11)(30,12)(30,13)(31,13)(32,13)(33,13)(34,13)(34,14)(34,15)(34,16)(33,16)(32,16)(31,16)(30,16)(29,16)(28,16)(27,16)(27,15)(26,15)(25,15)(24,15)(23,15)(22,15)(21,15)(20,15)(19,15)(18,15)(17,15)(16,15)(15,15)(14,15)(13,15)(12,15)(11,15)(10,15)(10,16)(9,16)(8,16)(7,16)(6,16)(5,16)(4,16)(3,16)(2,16)(1,16)
Path Cost:74
#Nodes Expanded:260
Maximum Depth Reached:88
Maximum Size Frontier:8
-------Uniform cost search c2 mediumMaze-------
Path: (34,1)(33,1)(32,1)(31,1)(30,1)(29,1)(28,1)(27,1)(26,1)(25,1)(24,1)(23,1)(22,1)(21,1)(20,1)(19,1)(18,1)(17,1)(16,1)(15,1)(14,1)(13,1)(12,1)(11,1)(10,1)(9,1)(8,1)(7,1)(6,1)(5,1)(4,1)(3,1)(2,1)(1,1)(1,2)(1,3)(1,4)(1,5)(1,6)(1,7)(1,8)(1,9)(1,10)(2,10)(3,10)(4,10)(4,9)(4,8)(4,7)(4,6)(4,5)(4,4)(4,3)(5,3)(6,3)(6,4)(6,5)(6,6)(6,7)(6,8)(6,9)(7,9)(8,9)(8,8)(8,7)(8,6)(8,5)(8,4)(8,3)(9,3)(10,3)(10,4)(10,5)(10,6)(10,7)(11,7)(12,7)(12,6)(12,5)(13,5)(14,5)(14,6)(14,7)(15,7)(16,7)(17,7)(17,8)(17,9)(16,9)(15,9)(14,9)(13,9)(12,9)(11,9)(11,10)(11,11)(10,11)(9,11)(8,11)(7,11)(6,11)(6,12)(5,12)(4,12)(3,12)(2,12)(1,12)(1,13)(1,14)(2,14)(3,14)(4,14)(5,14)(6,14)(7,14)(8,14)(8,13)(9,13)(10,13)(11,13)(12,13)(13,13)(13,12)(13,11)(14,11)(15,11)(16,11)(17,11)(18,11)(19,11)(19,12)(19,13)(18,13)(17,13)(16,13)(15,13)(15,14)(15,15)(14,15)(13,15)(12,15)(11,15)(10,15)(10,16)(9,16)(8,16)(7,16)(6,16)(5,16)(4,16)(3,16)(2,16)(1,16)
Path Cost:152
#Nodes Expanded:173
Maximum Depth Reached:152
Maximum Size Frontier:8
----------------------------------------
-------Uniform cost search c1 bigMaze-------
Path: (35,35)(35,34)(35,33)(34,33)(33,33)(32,33)(31,33)(31,32)(31,31)(30,31)(29,31)(29,32)(29,33)(28,33)(27,33)(26,33)(25,33)(24,33)(23,33)(22,33)(21,33)(20,33)(19,33)(18,33)(17,33)(16,33)(15,33)(15,32)(15,31)(16,31)(17,31)(17,30)(17,29)(16,29)(15,29)(15,28)(15,27)(15,26)(15,25)(15,24)(15,23)(16,23)(17,23)(18,23)(19,23)(20,23)(21,23)(21,24)(21,25)(22,25)(23,25)(23,24)(23,23)(24,23)(25,23)(26,23)(27,23)(27,22)(27,21)(28,21)(29,21)(29,22)(29,23)(30,23)(31,23)(31,22)(31,21)(31,20)(31,19)(31,18)(31,17)(32,17)(33,17)(34,17)(35,17)(35,16)(35,15)(35,14)(35,13)(35,12)(35,11)(35,10)(35,9)(35,8)(35,7)(34,7)(33,7)(33,8)(33,9)(32,9)(31,9)(30,9)(29,9)(29,10)(29,11)(29,12)(29,13)(29,14)(29,15)(28,15)(27,15)(27,16)(27,17)(27,18)(27,19)(26,19)(25,19)(25,18)(25,17)(24,17)(23,17)(22,17)(21,17)(20,17)(19,17)(18,17)(17,17)(16,17)(15,17)(14,17)(13,17)(13,16)(13,15)(14,15)(15,15)(15,14)(15,13)(15,12)(15,11)(15,10)(15,9)(16,9)(17,9)(18,9)(19,9)(20,9)(21,9)(21,8)(21,7)(21,6)(21,5)(21,4)(21,3)(21,2)(21,1)(20,1)(19,1)(18,1)(17,1)(16,1)(15,1)(15,2)(15,3)(14,3)(13,3)(12,3)(11,3)(11,4)(11,5)(11,6)(11,7)(12,7)(13,7)(13,8)(13,9)(12,9)(11,9)(10,9)(9,9)(8,9)(7,9)(6,9)(5,9)(4,9)(3,9)(3,10)(3,11)(3,12)(3,13)(3,14)(3,15)(3,16)(3,17)(3,18)(3,19)(4,19)(5,19)(5,20)(5,21)(5,22)(5,23)(4,23)(3,23)(3,24)(3,25)(3,26)(3,27)(4,27)(5,27)(5,28)(5,29)(4,29)(3,29)(3,30)(3,31)(3,32)(3,33)(2,33)(1,33)(1,34)(1,35)
Path Cost:210
#Nodes Expanded:638
Maximum Depth Reached:222
Maximum Size Frontier:11
-------Uniform cost search c2 bigMaze-------
Path: (35,35)(35,34)(35,33)(34,33)(33,33)(32,33)(31,33)(31,32)(31,31)(30,31)(29,31)(29,32)(29,33)(28,33)(27,33)(26,33)(25,33)(24,33)(23,33)(22,33)(21,33)(20,33)(19,33)(18,33)(17,33)(16,33)(15,33)(15,32)(15,31)(16,31)(17,31)(17,30)(17,29)(16,29)(15,29)(15,28)(15,27)(15,26)(15,25)(15,24)(15,23)(16,23)(17,23)(18,23)(19,23)(20,23)(21,23)(21,24)(21,25)(22,25)(23,25)(23,24)(23,23)(24,23)(25,23)(26,23)(27,23)(27,22)(27,21)(28,21)(29,21)(29,22)(29,23)(30,23)(31,23)(31,22)(31,21)(31,20)(31,19)(31,18)(31,17)(32,17)(33,17)(34,17)(35,17)(35,16)(35,15)(35,14)(35,13)(35,12)(35,11)(35,10)(35,9)(35,8)(35,7)(34,7)(33,7)(33,8)(33,9)(32,9)(31,9)(30,9)(29,9)(29,10)(29,11)(29,12)(29,13)(29,14)(29,15)(28,15)(27,15)(27,16)(27,17)(27,18)(27,19)(26,19)(25,19)(25,18)(25,17)(24,17)(23,17)(22,17)(21,17)(20,17)(19,17)(18,17)(17,17)(16,17)(15,17)(14,17)(13,17)(13,16)(13,15)(14,15)(15,15)(15,14)(15,13)(15,12)(15,11)(15,10)(15,9)(16,9)(17,9)(18,9)(19,9)(20,9)(21,9)(21,8)(21,7)(21,6)(21,5)(21,4)(21,3)(21,2)(21,1)(20,1)(19,1)(18,1)(17,1)(16,1)(15,1)(15,2)(15,3)(14,3)(13,3)(12,3)(11,3)(11,4)(11,5)(11,6)(11,7)(12,7)(13,7)(13,8)(13,9)(12,9)(11,9)(10,9)(9,9)(8,9)(7,9)(6,9)(5,9)(4,9)(3,9)(3,10)(3,11)(3,12)(3,13)(3,14)(3,15)(3,16)(3,17)(3,18)(3,19)(4,19)(5,19)(5,20)(5,21)(5,22)(5,23)(4,23)(3,23)(3,24)(3,25)(3,26)(3,27)(4,27)(5,27)(5,28)(5,29)(4,29)(3,29)(3,30)(3,31)(3,32)(3,33)(2,33)(1,33)(1,34)(1,35)
Path Cost:210
#Nodes Expanded:496
Maximum Depth Reached:214
Maximum Size Frontier:22
----------------------------------------
-------Uniform cost search c1 openMaze-------
Path: (35,1)(35,2)(35,3)(35,4)(35,5)(35,6)(34,6)(33,6)(32,6)(31,6)(30,6)(29,6)(28,6)(27,6)(26,6)(25,6)(24,6)(23,6)(22,6)(21,6)(20,6)(19,6)(19,7)(19,8)(19,9)(19,10)(19,11)(19,12)(19,13)(19,14)(19,15)(20,15)(21,15)(22,15)(23,15)(24,15)(25,15)(26,15)(27,15)(28,15)(29,15)(30,15)(31,15)(32,15)(33,15)(34,15)(35,15)(35,16)(35,17)(35,18)(35,19)(35,20)(35,21)(34,21)(33,21)(32,21)(31,21)(30,21)(29,21)(28,21)(27,21)(26,21)(25,21)(24,21)(23,21)(22,21)(21,21)(20,21)(19,21)(18,21)(17,21)(16,21)(15,21)(14,21)(13,21)(12,21)(11,21)(10,21)(9,21)(8,21)(7,21)(6,21)(5,21)(4,21)(3,21)(2,21)(1,21)
Path Cost:86
#Nodes Expanded:668
Maximum Depth Reached:86
Maximum Size Frontier:34
-------Uniform cost search c2 openMaze-------
Path: (35,1)(34,1)(33,1)(32,1)(31,1)(30,1)(29,1)(28,1)(27,1)(26,1)(25,1)(24,1)(23,1)(22,1)(21,1)(20,1)(19,1)(18,1)(17,1)(16,1)(15,1)(14,1)(14,2)(14,3)(14,4)(14,5)(14,6)(14,7)(14,8)(14,9)(14,10)(14,11)(14,12)(14,13)(14,14)(14,15)(14,16)(14,17)(14,18)(13,18)(12,18)(11,18)(10,18)(9,18)(8,18)(7,18)(6,18)(5,18)(4,18)(3,18)(2,18)(1,18)(1,19)(1,20)(1,21)
Path Cost:54
#Nodes Expanded:290
Maximum Depth Reached:57
Maximum Size Frontier:59
BUILD SUCCESSFUL (total time: 0 seconds)
