run:
-------Uniform cost search c1 mediumMaze-------
%%%%%%%%%%%%%%%%%%%%%%%%%%%%%%%%%%%%
%VVVVVVVVVVVVVVVVVVVVVVVVVVVVVVVVV.%
%F%%%%%%%%%%%%%%%%%%%%%%%V%%%%%%%%.%
% %%VVV%VVV%VVVVVV%%%%%%%VVV%%.....%
% %%V%V%V%V%V%%%%V%%%%%%%%%V%%.%%%%%
% %%V%V%V%V%VVVVVVVVVVVVV%%V%%.....%
% %%V%V%V%V%V%V%%%%VV%%%VVVV%%%%%%.%
% %VV%V%V%VVV%VVVV%%V%%%%%%%%V.....%
% %%V%V%V%%%%%%%%V%%VVVVVVVV%%.%%%%%
% %%V%VVV%%VVVVVVV%%%%%%%%%V%%.....%
% FVV%%%%%%V%%%%%%%VVVVVV%%V%%%%%%.%
%%%%%%VVVVVV%VVVVVVV%%%%V%%V%V.....%
%FVVVVV%%%%%%V%%%%%V%VVVV%%V%%.%%%%%
% %%%%%%VVVVVV%VVVVVVV%%%%%V%%.....%
%FVVVVVVV%%%%%%V%%%%%%%%%%%V%%VV%%.%
%%%%%%%%%%..................%%%%%%.%
%..........%%%%%%%%%%%%%%%%........%
%%%%%%%%%%%%%%%%%%%%%%%%%%%%%%%%%%%%
Path: (34,1)(34,2)(34,3)(33,3)(32,3)(31,3)(30,3)(30,4)(30,5)(31,5)(32,5)(33,5)(34,5)(34,6)(34,7)(33,7)(32,7)(31,7)(30,7)(30,8)(30,9)(31,9)(32,9)(33,9)(34,9)(34,10)(34,11)(33,11)(32,11)(31,11)(30,11)(30,12)(30,13)(31,13)(32,13)(33,13)(34,13)(34,14)(34,15)(34,16)(33,16)(32,16)(31,16)(30,16)(29,16)(28,16)(27,16)(27,15)(26,15)(25,15)(24,15)(23,15)(22,15)(21,15)(20,15)(19,15)(18,15)(17,15)(16,15)(15,15)(14,15)(13,15)(12,15)(11,15)(10,15)(10,16)(9,16)(8,16)(7,16)(6,16)(5,16)(4,16)(3,16)(2,16)(1,16)
Path Cost:74
#Nodes Expanded:260
Maximum Depth Reached:88
Maximum Size Frontier:8
-------Uniform cost search c2 mediumMaze-------
%%%%%%%%%%%%%%%%%%%%%%%%%%%%%%%%%%%%
%..................................%
%.%%%%%%%%%%%%%%%%%%%%%%%V%%%%%%%%V%
%.%%...%...%VVVVVV%%%%%%%F  %%    F%
%.%%.%.%.%.%V%%%%V%%%%%%%%% %% %%%%%
%.%%.%.%.%.%...VVVVVVF   %% %%     %
%.%%.%.%.%.%.%.%%%%VV%%%    %%%%%% %
%.%V.%.%.%...%....%%F%%%%%%%%      %
%.%%.%.%.%%%%%%%%.%%        %% %%%%%
%.%%.%...%%.......%%%%%%%%% %%     %
%....%%%%%%.%%%%%%%VVF   %% %%%%%% %
%%%%%%......%.......%%%% %% %      %
%......%%%%%%.%%%%%.%    %% %% %%%%%
%.%%%%%%......%.....F %%%%% %%     %
%........%%%%%%.%%%%%%%%%%% %%  %% %
%%%%%%%%%%......F           %%%%%% %
%..........%%%%%%%%%%%%%%%%        %
%%%%%%%%%%%%%%%%%%%%%%%%%%%%%%%%%%%%
Path: (34,1)(33,1)(32,1)(31,1)(30,1)(29,1)(28,1)(27,1)(26,1)(25,1)(24,1)(23,1)(22,1)(21,1)(20,1)(19,1)(18,1)(17,1)(16,1)(15,1)(14,1)(13,1)(12,1)(11,1)(10,1)(9,1)(8,1)(7,1)(6,1)(5,1)(4,1)(3,1)(2,1)(1,1)(1,2)(1,3)(1,4)(1,5)(1,6)(1,7)(1,8)(1,9)(1,10)(2,10)(3,10)(4,10)(4,9)(4,8)(4,7)(4,6)(4,5)(4,4)(4,3)(5,3)(6,3)(6,4)(6,5)(6,6)(6,7)(6,8)(6,9)(7,9)(8,9)(8,8)(8,7)(8,6)(8,5)(8,4)(8,3)(9,3)(10,3)(10,4)(10,5)(10,6)(10,7)(11,7)(12,7)(12,6)(12,5)(13,5)(14,5)(14,6)(14,7)(15,7)(16,7)(17,7)(17,8)(17,9)(16,9)(15,9)(14,9)(13,9)(12,9)(11,9)(11,10)(11,11)(10,11)(9,11)(8,11)(7,11)(6,11)(6,12)(5,12)(4,12)(3,12)(2,12)(1,12)(1,13)(1,14)(2,14)(3,14)(4,14)(5,14)(6,14)(7,14)(8,14)(8,13)(9,13)(10,13)(11,13)(12,13)(13,13)(13,12)(13,11)(14,11)(15,11)(16,11)(17,11)(18,11)(19,11)(19,12)(19,13)(18,13)(17,13)(16,13)(15,13)(15,14)(15,15)(14,15)(13,15)(12,15)(11,15)(10,15)(10,16)(9,16)(8,16)(7,16)(6,16)(5,16)(4,16)(3,16)(2,16)(1,16)
Path Cost:152
#Nodes Expanded:173
Maximum Depth Reached:152
Maximum Size Frontier:8
----------------------------------------
BUILD SUCCESSFUL (total time: 1 second)
