run:
-------BFS tinySearch-------
%%%%%%%%%
%-------%
%%%%-%%-%
%-------%
%-%%-%%-%
%-%--VV-%
%%%%%%%%%
Path: (4,3)(4,2)(4,3)(4,4)(4,5)(3,5)(4,3)(3,3)(2,3)(1,3)(1,4)(4,3)(5,3)(6,3)(7,3)(7,4)(4,3)(4,2)(4,1)(3,1)(2,1)(4,3)(4,2)(4,1)(5,1)(6,1)(4,3)(3,3)(2,3)(1,3)(1,4)(1,5)(4,3)(5,3)(6,3)(7,3)(7,4)(7,5)(4,3)(5,3)(6,3)(7,3)(7,2)(7,1)(4,3)(4,2)(4,1)(3,1)(2,1)(1,1)
Path Cost:50
#Nodes Expanded:24
Maximum Depth Reached:5
Maximum Size Frontier:7
-------DFS tinySearch-------
%%%%%%%%%
%-------%
%%%%-%%-%
%----VV-%
%-%%V%%-%
%-%-----%
%%%%%%%%%
Path: (4,3)(4,2)(4,3)(4,2)(4,1)(5,1)(6,1)(4,3)(4,2)(4,1)(5,1)(6,1)(7,1)(4,3)(4,2)(4,1)(5,1)(6,1)(7,1)(7,2)(7,3)(7,4)(4,3)(4,2)(4,1)(5,1)(6,1)(7,1)(7,2)(7,3)(7,4)(7,5)(4,3)(4,2)(4,1)(5,1)(6,1)(7,1)(7,2)(7,3)(7,4)(7,5)(6,5)(5,5)(4,5)(3,5)(4,3)(4,2)(4,1)(3,1)(2,1)(4,3)(4,2)(4,1)(3,1)(2,1)(1,1)(4,3)(3,3)(2,3)(1,3)(1,4)(4,3)(3,3)(2,3)(1,3)(1,4)(1,5)
Path Cost:68
#Nodes Expanded:23
Maximum Depth Reached:13
Maximum Size Frontier:6
-------Greedy BFS Custom @ h(s) = 0 tinySearch-------
%%%%%%%%%
%-------%
%%%%-%%-%
%----FV-%
%-%%-%%-%
%-%--VV-%
%%%%%%%%%
Path: (4,3)(4,2)(4,3)(3,3)(2,3)(1,3)(1,4)(4,3)(4,2)(4,1)(5,1)(6,1)(4,3)(3,3)(2,3)(1,3)(1,4)(1,5)(4,3)(4,2)(4,1)(5,1)(6,1)(7,1)(4,3)(4,2)(4,1)(3,1)(2,1)(4,3)(4,2)(4,1)(3,1)(2,1)(1,1)(4,3)(4,2)(4,1)(5,1)(6,1)(7,1)(7,2)(7,3)(7,4)(4,3)(4,2)(4,1)(5,1)(6,1)(7,1)(7,2)(7,3)(7,4)(7,5)(4,3)(4,4)(4,5)(3,5)
Path Cost:58
#Nodes Expanded:22
Maximum Depth Reached:11
Maximum Size Frontier:5
-------Greedy BFS Custom @ h(s) = 1 tinySearch-------
%%%%%%%%%
%-------%
%%%%-%%-%
%----FV-%
%-%%-%%-%
%-%--VV-%
%%%%%%%%%
Path: (4,3)(4,2)(4,3)(3,3)(2,3)(1,3)(1,4)(4,3)(4,2)(4,1)(5,1)(6,1)(4,3)(3,3)(2,3)(1,3)(1,4)(1,5)(4,3)(4,2)(4,1)(5,1)(6,1)(7,1)(4,3)(4,2)(4,1)(3,1)(2,1)(4,3)(4,2)(4,1)(3,1)(2,1)(1,1)(4,3)(4,2)(4,1)(5,1)(6,1)(7,1)(7,2)(7,3)(7,4)(4,3)(4,2)(4,1)(5,1)(6,1)(7,1)(7,2)(7,3)(7,4)(7,5)(4,3)(4,4)(4,5)(3,5)
Path Cost:58
#Nodes Expanded:22
Maximum Depth Reached:11
Maximum Size Frontier:5
-------Greedy BFS Custom remaining over total goals tinySearch-------
%%%%%%%%%
%-------%
%%%%-%%-%
%----FV-%
%-%%F%%-%
%-%-----%
%%%%%%%%%
Path: (4,3)(4,2)(4,3)(4,2)(4,1)(3,1)(2,1)(4,3)(4,2)(4,1)(5,1)(6,1)(4,3)(4,2)(4,1)(3,1)(2,1)(1,1)(4,3)(4,2)(4,1)(5,1)(6,1)(7,1)(4,3)(4,2)(4,1)(5,1)(6,1)(7,1)(7,2)(7,3)(7,4)(4,3)(4,2)(4,1)(5,1)(6,1)(7,1)(7,2)(7,3)(7,4)(7,5)(4,3)(4,2)(4,1)(5,1)(6,1)(7,1)(7,2)(7,3)(7,4)(7,5)(6,5)(5,5)(4,5)(3,5)(4,3)(3,3)(2,3)(1,3)(1,4)(4,3)(3,3)(2,3)(1,3)(1,4)(1,5)
Path Cost:68
#Nodes Expanded:21
Maximum Depth Reached:13
Maximum Size Frontier:5
-------Greedy BFS Euclidean tinySearch-------
%%%%%%%%%
%-------%
%%%%-%%-%
%-------%
%-%%-%%-%
%-%--  -%
%%%%%%%%%
Path: (4,3)(4,2)(4,1)(3,1)(2,1)(1,1)(4,3)(4,2)(4,1)(3,1)(2,1)(4,3)(4,2)(4,1)(5,1)(6,1)(4,3)(5,3)(6,3)(7,3)(7,2)(7,1)(4,3)(4,2)(4,3)(3,3)(2,3)(1,3)(1,4)(4,3)(5,3)(6,3)(7,3)(7,4)(4,3)(3,3)(2,3)(1,3)(1,4)(1,5)(4,3)(4,4)(4,5)(3,5)(4,3)(5,3)(6,3)(7,3)(7,4)(7,5)
Path Cost:50
#Nodes Expanded:48
Maximum Depth Reached:5
Maximum Size Frontier:5
-------Greedy BFS Manhattan tinySearch-------
%%%%%%%%%
%-------%
%%%%-%%-%
%-------%
%-%%-%%-%
%-%--  -%
%%%%%%%%%
Path: (4,3)(4,2)(4,1)(3,1)(2,1)(1,1)(4,3)(4,2)(4,1)(3,1)(2,1)(4,3)(4,2)(4,1)(5,1)(6,1)(4,3)(5,3)(6,3)(7,3)(7,2)(7,1)(4,3)(4,2)(4,3)(3,3)(2,3)(1,3)(1,4)(4,3)(5,3)(6,3)(7,3)(7,4)(4,3)(3,3)(2,3)(1,3)(1,4)(1,5)(4,3)(4,4)(4,5)(3,5)(4,3)(5,3)(6,3)(7,3)(7,4)(7,5)
Path Cost:50
#Nodes Expanded:49
Maximum Depth Reached:5
Maximum Size Frontier:5
-------A* Search @ h(s) = 0tinySearch-------
%%%%%%%%%
%-------%
%%%%-%%-%
%-------%
%-%%-%%-%
%-%-----%
%%%%%%%%%
Path: (4,3)(4,2)(4,3)(4,4)(4,5)(3,5)(4,3)(4,2)(4,1)(3,1)(2,1)(4,3)(3,3)(2,3)(1,3)(1,4)(4,3)(4,2)(4,1)(5,1)(6,1)(4,3)(5,3)(6,3)(7,3)(7,4)(4,3)(4,4)(4,5)(5,5)(6,5)(7,5)(4,3)(4,2)(4,1)(3,1)(2,1)(1,1)(4,3)(3,3)(2,3)(1,3)(1,4)(1,5)(4,3)(5,3)(6,3)(7,3)(7,2)(7,1)
Path Cost:50
#Nodes Expanded:23
Maximum Depth Reached:5
Maximum Size Frontier:7
-------A* Search @ h(s) =1 tinySearch-------
%%%%%%%%%
%-------%
%%%%-%%-%
%-------%
%-%%-%%-%
%-%-----%
%%%%%%%%%
Path: (4,3)(4,2)(4,3)(4,4)(4,5)(3,5)(4,3)(4,2)(4,1)(3,1)(2,1)(4,3)(3,3)(2,3)(1,3)(1,4)(4,3)(4,2)(4,1)(5,1)(6,1)(4,3)(5,3)(6,3)(7,3)(7,4)(4,3)(4,4)(4,5)(5,5)(6,5)(7,5)(4,3)(4,2)(4,1)(3,1)(2,1)(1,1)(4,3)(3,3)(2,3)(1,3)(1,4)(1,5)(4,3)(5,3)(6,3)(7,3)(7,2)(7,1)
Path Cost:50
#Nodes Expanded:23
Maximum Depth Reached:5
Maximum Size Frontier:7
-------A* Search remaining over total goalstinySearch-------
%%%%%%%%%
%-------%
%%%%-%%V%
%-------%
%-%%-%%-%
%-%--VV-%
%%%%%%%%%
Path: (4,3)(4,2)(4,3)(4,4)(4,5)(3,5)(4,3)(5,3)(6,3)(7,3)(7,4)(4,3)(4,2)(4,1)(5,1)(6,1)(4,3)(3,3)(2,3)(1,3)(1,4)(4,3)(4,2)(4,1)(3,1)(2,1)(4,3)(3,3)(2,3)(1,3)(1,4)(1,5)(4,3)(4,2)(4,1)(3,1)(2,1)(1,1)(4,3)(5,3)(6,3)(7,3)(7,4)(7,5)(4,3)(4,2)(4,1)(5,1)(6,1)(7,1)
Path Cost:50
#Nodes Expanded:23
Maximum Depth Reached:5
Maximum Size Frontier:7
skldakldjsa: 10
-------A* Search Euclidean tinySearch-------
%%%%%%%%%
%-------%
%%%%-%%-%
%-------%
%-%%-%%-%
%-%--  -%
%%%%%%%%%
Path: (4,3)(4,2)(4,1)(3,1)(2,1)(1,1)(4,3)(4,2)(4,1)(3,1)(2,1)(4,3)(4,2)(4,1)(5,1)(6,1)(4,3)(5,3)(6,3)(7,3)(7,2)(7,1)(4,3)(4,2)(4,3)(3,3)(2,3)(1,3)(1,4)(4,3)(5,3)(6,3)(7,3)(7,4)(4,3)(3,3)(2,3)(1,3)(1,4)(1,5)(4,3)(4,4)(4,5)(3,5)(4,3)(5,3)(6,3)(7,3)(7,4)(7,5)
Path Cost:50
#Nodes Expanded:61
Maximum Depth Reached:5
Maximum Size Frontier:6
---------- 10
-------A* Search Manhattan tinySearch-------
%%%%%%%%%
%-------%
%%%%-%%-%
%-------%
%-%%-%%-%
%-%--  -%
%%%%%%%%%
Path: (4,3)(4,2)(4,1)(3,1)(2,1)(1,1)(4,3)(4,2)(4,1)(3,1)(2,1)(4,3)(4,2)(4,1)(5,1)(6,1)(4,3)(5,3)(6,3)(7,3)(7,2)(7,1)(4,3)(4,2)(4,3)(3,3)(2,3)(1,3)(1,4)(4,3)(5,3)(6,3)(7,3)(7,4)(4,3)(3,3)(2,3)(1,3)(1,4)(1,5)(4,3)(4,4)(4,5)(3,5)(4,3)(5,3)(6,3)(7,3)(7,4)(7,5)
Path Cost:50
#Nodes Expanded:61
Maximum Depth Reached:5
Maximum Size Frontier:6
----------------------------------------
-------BFS smallSearch-------
%%%%%%%%%%%%%%%%%%%%
%------------------%
%-%%-%%-%%-%%-%%V%-%
%F%%V%-----VVVVVV%-%
%%%%%%%%%%%%%%%%%%%%
Path: (16,1)(15,1)(16,1)(15,1)(14,1)(16,1)(17,1)(18,1)(16,1)(15,1)(14,1)(13,1)(16,1)(17,1)(18,1)(18,2)(16,1)(15,1)(14,1)(13,1)(13,2)(16,1)(17,1)(18,1)(18,2)(18,3)(16,1)(15,1)(14,1)(13,1)(12,1)(11,1)(10,1)(10,2)(16,1)(15,1)(14,1)(13,1)(12,1)(11,1)(10,1)(10,2)(10,3)(16,1)(15,1)(14,1)(13,1)(12,1)(11,1)(10,1)(10,2)(10,3)(9,3)(16,1)(15,1)(14,1)(13,1)(12,1)(11,1)(10,1)(9,1)(8,1)(7,1)(7,2)(16,1)(15,1)(14,1)(13,1)(12,1)(11,1)(10,1)(10,2)(10,3)(9,3)(8,3)(16,1)(15,1)(14,1)(13,1)(12,1)(11,1)(10,1)(9,1)(8,1)(7,1)(7,2)(7,3)(16,1)(15,1)(14,1)(13,1)(12,1)(11,1)(10,1)(9,1)(8,1)(7,1)(7,2)(7,3)(6,3)(16,1)(15,1)(14,1)(13,1)(12,1)(11,1)(10,1)(9,1)(8,1)(7,1)(6,1)(5,1)(4,1)(4,2)(16,1)(15,1)(14,1)(13,1)(12,1)(11,1)(10,1)(9,1)(8,1)(7,1)(6,1)(5,1)(4,1)(3,1)(2,1)(1,1)(16,1)(15,1)(14,1)(13,1)(12,1)(11,1)(10,1)(9,1)(8,1)(7,1)(6,1)(5,1)(4,1)(3,1)(2,1)(1,1)(1,2)
Path Cost:147
#Nodes Expanded:37
Maximum Depth Reached:17
Maximum Size Frontier:4
-------DFS smallSearch-------
%%%%%%%%%%%%%%%%%%%%
%-------VV---------%
%-%%-%%-%%-%%-%%-%-%
%V%%V%-----VV----%-%
%%%%%%%%%%%%%%%%%%%%
Path: (16,1)(16,2)(16,3)(15,3)(14,3)(13,3)(13,2)(16,1)(16,2)(16,3)(15,3)(14,3)(13,3)(13,2)(13,1)(16,1)(16,2)(16,3)(15,3)(14,3)(13,3)(13,2)(13,1)(14,1)(16,1)(16,2)(16,3)(15,3)(14,3)(13,3)(13,2)(13,1)(12,1)(11,1)(10,1)(10,2)(16,1)(16,2)(16,3)(15,3)(14,3)(13,3)(13,2)(13,1)(12,1)(11,1)(10,1)(10,2)(10,3)(16,1)(16,2)(16,3)(15,3)(14,3)(13,3)(13,2)(13,1)(12,1)(11,1)(10,1)(10,2)(10,3)(9,3)(16,1)(16,2)(16,3)(15,3)(14,3)(13,3)(13,2)(13,1)(12,1)(11,1)(10,1)(10,2)(10,3)(9,3)(8,3)(16,1)(16,2)(16,3)(15,3)(14,3)(13,3)(13,2)(13,1)(12,1)(11,1)(10,1)(10,2)(10,3)(9,3)(8,3)(7,3)(16,1)(16,2)(16,3)(15,3)(14,3)(13,3)(13,2)(13,1)(12,1)(11,1)(10,1)(10,2)(10,3)(9,3)(8,3)(7,3)(7,2)(16,1)(16,2)(16,3)(15,3)(14,3)(13,3)(13,2)(13,1)(12,1)(11,1)(10,1)(10,2)(10,3)(9,3)(8,3)(7,3)(7,2)(7,1)(6,1)(5,1)(4,1)(4,2)(16,1)(16,2)(16,3)(15,3)(14,3)(13,3)(13,2)(13,1)(12,1)(11,1)(10,1)(10,2)(10,3)(9,3)(8,3)(7,3)(7,2)(7,1)(6,1)(5,1)(4,1)(3,1)(2,1)(1,1)(16,1)(16,2)(16,3)(15,3)(14,3)(13,3)(13,2)(13,1)(12,1)(11,1)(10,1)(10,2)(10,3)(9,3)(8,3)(7,3)(7,2)(7,1)(6,1)(5,1)(4,1)(3,1)(2,1)(1,1)(1,2)(16,1)(16,2)(16,3)(15,3)(14,3)(13,3)(13,2)(13,1)(12,1)(11,1)(10,1)(10,2)(10,3)(9,3)(8,3)(7,3)(6,3)(16,1)(17,1)(18,1)(16,1)(17,1)(18,1)(18,2)(16,1)(17,1)(18,1)(18,2)(18,3)(16,1)(15,1)
Path Cost:213
#Nodes Expanded:37
Maximum Depth Reached:25
Maximum Size Frontier:7
-------Greedy BFS Custom @ h(s) = 0 smallSearch-------
%%%%%%%%%%%%%%%%%%%%
%------------------%
%-%%-%%-%%-%%-%%V%-%
%F%%V%--------VVV%-%
%%%%%%%%%%%%%%%%%%%%
Path: (16,1)(15,1)(16,1)(15,1)(14,1)(16,1)(15,1)(14,1)(13,1)(16,1)(15,1)(14,1)(13,1)(13,2)(16,1)(15,1)(14,1)(13,1)(13,2)(13,3)(12,3)(11,3)(10,3)(16,1)(15,1)(14,1)(13,1)(12,1)(11,1)(10,1)(10,2)(16,1)(15,1)(14,1)(13,1)(13,2)(13,3)(12,3)(11,3)(10,3)(9,3)(16,1)(15,1)(14,1)(13,1)(13,2)(13,3)(12,3)(11,3)(10,3)(9,3)(8,3)(16,1)(15,1)(14,1)(13,1)(13,2)(13,3)(12,3)(11,3)(10,3)(9,3)(8,3)(7,3)(16,1)(15,1)(14,1)(13,1)(13,2)(13,3)(12,3)(11,3)(10,3)(9,3)(8,3)(7,3)(7,2)(16,1)(15,1)(14,1)(13,1)(13,2)(13,3)(12,3)(11,3)(10,3)(9,3)(8,3)(7,3)(6,3)(16,1)(17,1)(18,1)(16,1)(15,1)(14,1)(13,1)(12,1)(11,1)(10,1)(9,1)(8,1)(7,1)(6,1)(5,1)(4,1)(4,2)(16,1)(17,1)(18,1)(18,2)(16,1)(17,1)(18,1)(18,2)(18,3)(16,1)(15,1)(14,1)(13,1)(12,1)(11,1)(10,1)(9,1)(8,1)(7,1)(6,1)(5,1)(4,1)(3,1)(2,1)(1,1)(16,1)(15,1)(14,1)(13,1)(12,1)(11,1)(10,1)(9,1)(8,1)(7,1)(6,1)(5,1)(4,1)(3,1)(2,1)(1,1)(1,2)
Path Cost:149
#Nodes Expanded:36
Maximum Depth Reached:17
Maximum Size Frontier:4
-------Greedy BFS Custom @ h(s) = 1 smallSearch-------
%%%%%%%%%%%%%%%%%%%%
%------------------%
%-%%-%%-%%-%%-%%V%-%
%F%%V%--------VVV%-%
%%%%%%%%%%%%%%%%%%%%
Path: (16,1)(15,1)(16,1)(15,1)(14,1)(16,1)(15,1)(14,1)(13,1)(16,1)(15,1)(14,1)(13,1)(13,2)(16,1)(15,1)(14,1)(13,1)(13,2)(13,3)(12,3)(11,3)(10,3)(16,1)(15,1)(14,1)(13,1)(12,1)(11,1)(10,1)(10,2)(16,1)(15,1)(14,1)(13,1)(13,2)(13,3)(12,3)(11,3)(10,3)(9,3)(16,1)(15,1)(14,1)(13,1)(13,2)(13,3)(12,3)(11,3)(10,3)(9,3)(8,3)(16,1)(15,1)(14,1)(13,1)(13,2)(13,3)(12,3)(11,3)(10,3)(9,3)(8,3)(7,3)(16,1)(15,1)(14,1)(13,1)(13,2)(13,3)(12,3)(11,3)(10,3)(9,3)(8,3)(7,3)(7,2)(16,1)(15,1)(14,1)(13,1)(13,2)(13,3)(12,3)(11,3)(10,3)(9,3)(8,3)(7,3)(6,3)(16,1)(17,1)(18,1)(16,1)(15,1)(14,1)(13,1)(12,1)(11,1)(10,1)(9,1)(8,1)(7,1)(6,1)(5,1)(4,1)(4,2)(16,1)(17,1)(18,1)(18,2)(16,1)(17,1)(18,1)(18,2)(18,3)(16,1)(15,1)(14,1)(13,1)(12,1)(11,1)(10,1)(9,1)(8,1)(7,1)(6,1)(5,1)(4,1)(3,1)(2,1)(1,1)(16,1)(15,1)(14,1)(13,1)(12,1)(11,1)(10,1)(9,1)(8,1)(7,1)(6,1)(5,1)(4,1)(3,1)(2,1)(1,1)(1,2)
Path Cost:149
#Nodes Expanded:36
Maximum Depth Reached:17
Maximum Size Frontier:4
-------Greedy BFS Custom remaining over total goals smallSearch-------
%%%%%%%%%%%%%%%%%%%%
%------------------%
%-%%-%%-%%-%%-%%F%-%
%V%%V%--------VVV%-%
%%%%%%%%%%%%%%%%%%%%
Path: (16,1)(15,1)(16,1)(15,1)(14,1)(16,1)(15,1)(14,1)(13,1)(16,1)(15,1)(14,1)(13,1)(13,2)(16,1)(15,1)(14,1)(13,1)(13,2)(13,3)(12,3)(11,3)(10,3)(16,1)(15,1)(14,1)(13,1)(13,2)(13,3)(12,3)(11,3)(10,3)(9,3)(16,1)(15,1)(14,1)(13,1)(13,2)(13,3)(12,3)(11,3)(10,3)(9,3)(8,3)(16,1)(15,1)(14,1)(13,1)(13,2)(13,3)(12,3)(11,3)(10,3)(9,3)(8,3)(7,3)(16,1)(15,1)(14,1)(13,1)(12,1)(11,1)(10,1)(9,1)(8,1)(7,1)(7,2)(16,1)(15,1)(14,1)(13,1)(13,2)(13,3)(12,3)(11,3)(10,3)(9,3)(8,3)(7,3)(6,3)(16,1)(15,1)(14,1)(13,1)(12,1)(11,1)(10,1)(10,2)(16,1)(15,1)(14,1)(13,1)(12,1)(11,1)(10,1)(9,1)(8,1)(7,1)(6,1)(5,1)(4,1)(4,2)(16,1)(15,1)(14,1)(13,1)(12,1)(11,1)(10,1)(9,1)(8,1)(7,1)(6,1)(5,1)(4,1)(3,1)(2,1)(1,1)(16,1)(15,1)(14,1)(13,1)(12,1)(11,1)(10,1)(9,1)(8,1)(7,1)(6,1)(5,1)(4,1)(3,1)(2,1)(1,1)(1,2)(16,1)(17,1)(18,1)(16,1)(17,1)(18,1)(18,2)(16,1)(17,1)(18,1)(18,2)(18,3)
Path Cost:147
#Nodes Expanded:37
Maximum Depth Reached:17
Maximum Size Frontier:6
-------Greedy BFS Euclidean smallSearch-------
%%%%%%%%%%%%%%%%%%%%
%------------------%
%-%%-%%-%%-%%-%% %-%
% %% %-----      %-%
%%%%%%%%%%%%%%%%%%%%
Path: (16,1)(15,1)(14,1)(13,1)(12,1)(11,1)(10,1)(9,1)(8,1)(7,1)(6,1)(5,1)(4,1)(3,1)(2,1)(1,1)(16,1)(15,1)(14,1)(13,1)(16,1)(15,1)(14,1)(16,1)(15,1)(16,1)(17,1)(18,1)(16,1)(15,1)(14,1)(13,1)(12,1)(11,1)(10,1)(9,1)(8,1)(7,1)(6,1)(5,1)(4,1)(3,1)(2,1)(1,1)(1,2)(16,1)(15,1)(14,1)(13,1)(12,1)(11,1)(10,1)(9,1)(8,1)(7,1)(6,1)(5,1)(4,1)(4,2)(16,1)(15,1)(14,1)(13,1)(12,1)(11,1)(10,1)(9,1)(8,1)(7,1)(7,2)(16,1)(15,1)(14,1)(13,1)(12,1)(11,1)(10,1)(10,2)(16,1)(15,1)(14,1)(13,1)(13,2)(16,1)(17,1)(18,1)(18,2)(16,1)(15,1)(14,1)(13,1)(12,1)(11,1)(10,1)(9,1)(8,1)(7,1)(7,2)(7,3)(6,3)(16,1)(15,1)(14,1)(13,1)(12,1)(11,1)(10,1)(9,1)(8,1)(7,1)(7,2)(7,3)(16,1)(15,1)(14,1)(13,1)(12,1)(11,1)(10,1)(10,2)(10,3)(9,3)(8,3)(16,1)(15,1)(14,1)(13,1)(12,1)(11,1)(10,1)(10,2)(10,3)(9,3)(16,1)(15,1)(14,1)(13,1)(12,1)(11,1)(10,1)(10,2)(10,3)(16,1)(17,1)(18,1)(18,2)(18,3)
Path Cost:147
#Nodes Expanded:132
Maximum Depth Reached:16
Maximum Size Frontier:7
-------Greedy BFS Manhattan smallSearch-------
%%%%%%%%%%%%%%%%%%%%
%------------------%
%-%%-%%-%%-%%-%% %-%
% %% %-----      %-%
%%%%%%%%%%%%%%%%%%%%
Path: (16,1)(15,1)(14,1)(13,1)(12,1)(11,1)(10,1)(9,1)(8,1)(7,1)(6,1)(5,1)(4,1)(3,1)(2,1)(1,1)(16,1)(15,1)(14,1)(13,1)(16,1)(15,1)(14,1)(16,1)(15,1)(16,1)(17,1)(18,1)(16,1)(15,1)(14,1)(13,1)(12,1)(11,1)(10,1)(9,1)(8,1)(7,1)(6,1)(5,1)(4,1)(3,1)(2,1)(1,1)(1,2)(16,1)(15,1)(14,1)(13,1)(12,1)(11,1)(10,1)(9,1)(8,1)(7,1)(6,1)(5,1)(4,1)(4,2)(16,1)(15,1)(14,1)(13,1)(12,1)(11,1)(10,1)(9,1)(8,1)(7,1)(7,2)(16,1)(15,1)(14,1)(13,1)(12,1)(11,1)(10,1)(10,2)(16,1)(15,1)(14,1)(13,1)(13,2)(16,1)(17,1)(18,1)(18,2)(16,1)(15,1)(14,1)(13,1)(12,1)(11,1)(10,1)(9,1)(8,1)(7,1)(7,2)(7,3)(6,3)(16,1)(15,1)(14,1)(13,1)(12,1)(11,1)(10,1)(9,1)(8,1)(7,1)(7,2)(7,3)(16,1)(15,1)(14,1)(13,1)(12,1)(11,1)(10,1)(10,2)(10,3)(9,3)(8,3)(16,1)(15,1)(14,1)(13,1)(12,1)(11,1)(10,1)(10,2)(10,3)(9,3)(16,1)(15,1)(14,1)(13,1)(12,1)(11,1)(10,1)(10,2)(10,3)(16,1)(17,1)(18,1)(18,2)(18,3)
Path Cost:147
#Nodes Expanded:134
Maximum Depth Reached:16
Maximum Size Frontier:7
-------A* Search @ h(s) = 0smallSearch-------
%%%%%%%%%%%%%%%%%%%%
%------------------%
%-%%-%%-%%-%%-%%V%-%
%F%%V%--------VVV%-%
%%%%%%%%%%%%%%%%%%%%
Path: (16,1)(15,1)(16,1)(17,1)(18,1)(16,1)(15,1)(14,1)(16,1)(17,1)(18,1)(18,2)(16,1)(15,1)(14,1)(13,1)(16,1)(15,1)(14,1)(13,1)(13,2)(16,1)(17,1)(18,1)(18,2)(18,3)(16,1)(15,1)(14,1)(13,1)(12,1)(11,1)(10,1)(10,2)(16,1)(15,1)(14,1)(13,1)(13,2)(13,3)(12,3)(11,3)(10,3)(16,1)(15,1)(14,1)(13,1)(13,2)(13,3)(12,3)(11,3)(10,3)(9,3)(16,1)(15,1)(14,1)(13,1)(13,2)(13,3)(12,3)(11,3)(10,3)(9,3)(8,3)(16,1)(15,1)(14,1)(13,1)(12,1)(11,1)(10,1)(9,1)(8,1)(7,1)(7,2)(16,1)(15,1)(14,1)(13,1)(13,2)(13,3)(12,3)(11,3)(10,3)(9,3)(8,3)(7,3)(16,1)(15,1)(14,1)(13,1)(13,2)(13,3)(12,3)(11,3)(10,3)(9,3)(8,3)(7,3)(6,3)(16,1)(15,1)(14,1)(13,1)(12,1)(11,1)(10,1)(9,1)(8,1)(7,1)(6,1)(5,1)(4,1)(4,2)(16,1)(15,1)(14,1)(13,1)(12,1)(11,1)(10,1)(9,1)(8,1)(7,1)(6,1)(5,1)(4,1)(3,1)(2,1)(1,1)(16,1)(15,1)(14,1)(13,1)(12,1)(11,1)(10,1)(9,1)(8,1)(7,1)(6,1)(5,1)(4,1)(3,1)(2,1)(1,1)(1,2)
Path Cost:147
#Nodes Expanded:36
Maximum Depth Reached:17
Maximum Size Frontier:4
-------A* Search @ h(s) =1 smallSearch-------
%%%%%%%%%%%%%%%%%%%%
%------------------%
%-%%-%%-%%-%%-%%V%-%
%F%%V%--------VVV%-%
%%%%%%%%%%%%%%%%%%%%
Path: (16,1)(15,1)(16,1)(17,1)(18,1)(16,1)(15,1)(14,1)(16,1)(17,1)(18,1)(18,2)(16,1)(15,1)(14,1)(13,1)(16,1)(15,1)(14,1)(13,1)(13,2)(16,1)(17,1)(18,1)(18,2)(18,3)(16,1)(15,1)(14,1)(13,1)(12,1)(11,1)(10,1)(10,2)(16,1)(15,1)(14,1)(13,1)(13,2)(13,3)(12,3)(11,3)(10,3)(16,1)(15,1)(14,1)(13,1)(13,2)(13,3)(12,3)(11,3)(10,3)(9,3)(16,1)(15,1)(14,1)(13,1)(13,2)(13,3)(12,3)(11,3)(10,3)(9,3)(8,3)(16,1)(15,1)(14,1)(13,1)(12,1)(11,1)(10,1)(9,1)(8,1)(7,1)(7,2)(16,1)(15,1)(14,1)(13,1)(13,2)(13,3)(12,3)(11,3)(10,3)(9,3)(8,3)(7,3)(16,1)(15,1)(14,1)(13,1)(13,2)(13,3)(12,3)(11,3)(10,3)(9,3)(8,3)(7,3)(6,3)(16,1)(15,1)(14,1)(13,1)(12,1)(11,1)(10,1)(9,1)(8,1)(7,1)(6,1)(5,1)(4,1)(4,2)(16,1)(15,1)(14,1)(13,1)(12,1)(11,1)(10,1)(9,1)(8,1)(7,1)(6,1)(5,1)(4,1)(3,1)(2,1)(1,1)(16,1)(15,1)(14,1)(13,1)(12,1)(11,1)(10,1)(9,1)(8,1)(7,1)(6,1)(5,1)(4,1)(3,1)(2,1)(1,1)(1,2)
Path Cost:147
#Nodes Expanded:36
Maximum Depth Reached:17
Maximum Size Frontier:4
-------A* Search remaining over total goalssmallSearch-------
%%%%%%%%%%%%%%%%%%%%
%------------------%
%-%%-%%-%%-%%-%%V%-%
%F%%V%-----VVVVVV%-%
%%%%%%%%%%%%%%%%%%%%
Path: (16,1)(15,1)(16,1)(15,1)(14,1)(16,1)(17,1)(18,1)(16,1)(17,1)(18,1)(18,2)(16,1)(15,1)(14,1)(13,1)(16,1)(17,1)(18,1)(18,2)(18,3)(16,1)(15,1)(14,1)(13,1)(13,2)(16,1)(15,1)(14,1)(13,1)(12,1)(11,1)(10,1)(10,2)(16,1)(15,1)(14,1)(13,1)(12,1)(11,1)(10,1)(10,2)(10,3)(16,1)(15,1)(14,1)(13,1)(12,1)(11,1)(10,1)(10,2)(10,3)(9,3)(16,1)(15,1)(14,1)(13,1)(12,1)(11,1)(10,1)(10,2)(10,3)(9,3)(8,3)(16,1)(15,1)(14,1)(13,1)(12,1)(11,1)(10,1)(9,1)(8,1)(7,1)(7,2)(16,1)(15,1)(14,1)(13,1)(12,1)(11,1)(10,1)(10,2)(10,3)(9,3)(8,3)(7,3)(16,1)(15,1)(14,1)(13,1)(12,1)(11,1)(10,1)(10,2)(10,3)(9,3)(8,3)(7,3)(6,3)(16,1)(15,1)(14,1)(13,1)(12,1)(11,1)(10,1)(9,1)(8,1)(7,1)(6,1)(5,1)(4,1)(4,2)(16,1)(15,1)(14,1)(13,1)(12,1)(11,1)(10,1)(9,1)(8,1)(7,1)(6,1)(5,1)(4,1)(3,1)(2,1)(1,1)(16,1)(15,1)(14,1)(13,1)(12,1)(11,1)(10,1)(9,1)(8,1)(7,1)(6,1)(5,1)(4,1)(3,1)(2,1)(1,1)(1,2)
Path Cost:147
#Nodes Expanded:36
Maximum Depth Reached:17
Maximum Size Frontier:4
skldakldjsa: 17
-------A* Search Euclidean smallSearch-------
%%%%%%%%%%%%%%%%%%%%
%------------------%
%-%%-%%-%%-%%-%% %-%
% %% %--------   %-%
%%%%%%%%%%%%%%%%%%%%
Path: (16,1)(15,1)(14,1)(13,1)(12,1)(11,1)(10,1)(9,1)(8,1)(7,1)(6,1)(5,1)(4,1)(3,1)(2,1)(1,1)(16,1)(15,1)(14,1)(13,1)(16,1)(15,1)(14,1)(16,1)(15,1)(16,1)(17,1)(18,1)(16,1)(15,1)(14,1)(13,1)(12,1)(11,1)(10,1)(9,1)(8,1)(7,1)(6,1)(5,1)(4,1)(3,1)(2,1)(1,1)(1,2)(16,1)(15,1)(14,1)(13,1)(12,1)(11,1)(10,1)(9,1)(8,1)(7,1)(6,1)(5,1)(4,1)(4,2)(16,1)(15,1)(14,1)(13,1)(12,1)(11,1)(10,1)(9,1)(8,1)(7,1)(7,2)(16,1)(15,1)(14,1)(13,1)(12,1)(11,1)(10,1)(10,2)(16,1)(15,1)(14,1)(13,1)(13,2)(16,1)(17,1)(18,1)(18,2)(16,1)(15,1)(14,1)(13,1)(12,1)(11,1)(10,1)(9,1)(8,1)(7,1)(7,2)(7,3)(6,3)(16,1)(15,1)(14,1)(13,1)(12,1)(11,1)(10,1)(10,2)(10,3)(9,3)(8,3)(7,3)(16,1)(15,1)(14,1)(13,1)(12,1)(11,1)(10,1)(10,2)(10,3)(9,3)(8,3)(16,1)(15,1)(14,1)(13,1)(12,1)(11,1)(10,1)(10,2)(10,3)(9,3)(16,1)(15,1)(14,1)(13,1)(13,2)(13,3)(12,3)(11,3)(10,3)(16,1)(17,1)(18,1)(18,2)(18,3)
Path Cost:147
#Nodes Expanded:180
Maximum Depth Reached:16
Maximum Size Frontier:8
---------- 17
-------A* Search Manhattan smallSearch-------
%%%%%%%%%%%%%%%%%%%%
%------------------%
%-%%-%%-%%-%%-%% %-%
% %% %--------   %-%
%%%%%%%%%%%%%%%%%%%%
Path: (16,1)(15,1)(14,1)(13,1)(12,1)(11,1)(10,1)(9,1)(8,1)(7,1)(6,1)(5,1)(4,1)(3,1)(2,1)(1,1)(16,1)(15,1)(14,1)(13,1)(16,1)(15,1)(14,1)(16,1)(15,1)(16,1)(17,1)(18,1)(16,1)(15,1)(14,1)(13,1)(12,1)(11,1)(10,1)(9,1)(8,1)(7,1)(6,1)(5,1)(4,1)(3,1)(2,1)(1,1)(1,2)(16,1)(15,1)(14,1)(13,1)(12,1)(11,1)(10,1)(9,1)(8,1)(7,1)(6,1)(5,1)(4,1)(4,2)(16,1)(15,1)(14,1)(13,1)(12,1)(11,1)(10,1)(9,1)(8,1)(7,1)(7,2)(16,1)(15,1)(14,1)(13,1)(12,1)(11,1)(10,1)(10,2)(16,1)(15,1)(14,1)(13,1)(13,2)(16,1)(17,1)(18,1)(18,2)(16,1)(15,1)(14,1)(13,1)(13,2)(13,3)(12,3)(11,3)(10,3)(9,3)(8,3)(7,3)(6,3)(16,1)(15,1)(14,1)(13,1)(13,2)(13,3)(12,3)(11,3)(10,3)(9,3)(8,3)(7,3)(16,1)(15,1)(14,1)(13,1)(13,2)(13,3)(12,3)(11,3)(10,3)(9,3)(8,3)(16,1)(15,1)(14,1)(13,1)(13,2)(13,3)(12,3)(11,3)(10,3)(9,3)(16,1)(15,1)(14,1)(13,1)(13,2)(13,3)(12,3)(11,3)(10,3)(16,1)(17,1)(18,1)(18,2)(18,3)
Path Cost:147
#Nodes Expanded:193
Maximum Depth Reached:16
Maximum Size Frontier:7
----------------------------------------
-------BFS trickySearch-------
%%%%%%%%%%%%%%%%%%%%
%-VVVVVVVVVVV--%---%
%-%%-%%-%%-%%-%%-%-%
%----------------%-%
%%%%%%%%%%%%%%%%%%-%
%------------------%
%%%%%%%%%%%%%%%%%%%%
Path: (9,3)(10,3)(10,2)(9,3)(8,3)(7,3)(7,2)(9,3)(10,3)(11,3)(12,3)(13,3)(13,2)(9,3)(8,3)(7,3)(6,3)(5,3)(4,3)(4,2)(9,3)(10,3)(11,3)(12,3)(13,3)(13,2)(13,1)(9,3)(10,3)(11,3)(12,3)(13,3)(13,2)(13,1)(14,1)(9,3)(8,3)(7,3)(6,3)(5,3)(4,3)(3,3)(2,3)(1,3)(1,2)(9,3)(8,3)(7,3)(6,3)(5,3)(4,3)(3,3)(2,3)(1,3)(1,2)(1,1)(9,3)(10,3)(11,3)(12,3)(13,3)(14,3)(15,3)(16,3)(16,2)(16,1)(17,1)(18,1)(18,2)(18,3)(18,4)(18,5)(17,5)(16,5)(15,5)(14,5)(13,5)(12,5)(11,5)(10,5)(9,5)(8,5)(7,5)(6,5)(5,5)(9,3)(10,3)(11,3)(12,3)(13,3)(14,3)(15,3)(16,3)(16,2)(16,1)(17,1)(18,1)(18,2)(18,3)(18,4)(18,5)(17,5)(16,5)(15,5)(14,5)(13,5)(12,5)(11,5)(10,5)(9,5)(8,5)(7,5)(6,5)(5,5)(4,5)(9,3)(10,3)(11,3)(12,3)(13,3)(14,3)(15,3)(16,3)(16,2)(16,1)(17,1)(18,1)(18,2)(18,3)(18,4)(18,5)(17,5)(16,5)(15,5)(14,5)(13,5)(12,5)(11,5)(10,5)(9,5)(8,5)(7,5)(6,5)(5,5)(4,5)(3,5)(9,3)(10,3)(11,3)(12,3)(13,3)(14,3)(15,3)(16,3)(16,2)(16,1)(17,1)(18,1)(18,2)(18,3)(18,4)(18,5)(17,5)(16,5)(15,5)(14,5)(13,5)(12,5)(11,5)(10,5)(9,5)(8,5)(7,5)(6,5)(5,5)(4,5)(3,5)(2,5)(9,3)(10,3)(11,3)(12,3)(13,3)(14,3)(15,3)(16,3)(16,2)(16,1)(17,1)(18,1)(18,2)(18,3)(18,4)(18,5)(17,5)(16,5)(15,5)(14,5)(13,5)(12,5)(11,5)(10,5)(9,5)(8,5)(7,5)(6,5)(5,5)(4,5)(3,5)(2,5)(1,5)
Path Cost:211
#Nodes Expanded:59
Maximum Depth Reached:32
Maximum Size Frontier:7
-------DFS trickySearch-------
%%%%%%%%%%%%%%%%%%%%
%----VF--------%---%
%-%%-%%-%%-%%-%%-%-%
%F F----F--FV----%-%
%%%%%%%%%%%%%%%%%%-%
%------------------%
%%%%%%%%%%%%%%%%%%%%
Path: (9,3)(10,3)(10,2)(9,3)(10,3)(10,2)(10,1)(11,1)(12,1)(13,1)(9,3)(10,3)(10,2)(10,1)(11,1)(12,1)(13,1)(13,2)(9,3)(10,3)(10,2)(10,1)(11,1)(12,1)(13,1)(13,2)(13,3)(14,3)(15,3)(16,3)(16,2)(16,1)(17,1)(18,1)(18,2)(18,3)(18,4)(18,5)(17,5)(16,5)(15,5)(14,5)(13,5)(12,5)(11,5)(10,5)(9,5)(8,5)(7,5)(6,5)(5,5)(9,3)(10,3)(10,2)(10,1)(11,1)(12,1)(13,1)(13,2)(13,3)(14,3)(15,3)(16,3)(16,2)(16,1)(17,1)(18,1)(18,2)(18,3)(18,4)(18,5)(17,5)(16,5)(15,5)(14,5)(13,5)(12,5)(11,5)(10,5)(9,5)(8,5)(7,5)(6,5)(5,5)(4,5)(9,3)(10,3)(10,2)(10,1)(11,1)(12,1)(13,1)(13,2)(13,3)(14,3)(15,3)(16,3)(16,2)(16,1)(17,1)(18,1)(18,2)(18,3)(18,4)(18,5)(17,5)(16,5)(15,5)(14,5)(13,5)(12,5)(11,5)(10,5)(9,5)(8,5)(7,5)(6,5)(5,5)(4,5)(3,5)(9,3)(10,3)(10,2)(10,1)(11,1)(12,1)(13,1)(13,2)(13,3)(14,3)(15,3)(16,3)(16,2)(16,1)(17,1)(18,1)(18,2)(18,3)(18,4)(18,5)(17,5)(16,5)(15,5)(14,5)(13,5)(12,5)(11,5)(10,5)(9,5)(8,5)(7,5)(6,5)(5,5)(4,5)(3,5)(2,5)(9,3)(10,3)(10,2)(10,1)(11,1)(12,1)(13,1)(13,2)(13,3)(14,3)(15,3)(16,3)(16,2)(16,1)(17,1)(18,1)(18,2)(18,3)(18,4)(18,5)(17,5)(16,5)(15,5)(14,5)(13,5)(12,5)(11,5)(10,5)(9,5)(8,5)(7,5)(6,5)(5,5)(4,5)(3,5)(2,5)(1,5)(9,3)(10,3)(10,2)(10,1)(11,1)(12,1)(13,1)(14,1)(9,3)(10,3)(10,2)(10,1)(9,1)(8,1)(7,1)(7,2)(9,3)(10,3)(10,2)(10,1)(9,1)(8,1)(7,1)(7,2)(7,3)(6,3)(5,3)(4,3)(4,2)(9,3)(10,3)(10,2)(10,1)(9,1)(8,1)(7,1)(7,2)(7,3)(6,3)(5,3)(4,3)(4,2)(4,1)(3,1)(2,1)(1,1)(9,3)(10,3)(10,2)(10,1)(9,1)(8,1)(7,1)(7,2)(7,3)(6,3)(5,3)(4,3)(4,2)(4,1)(3,1)(2,1)(1,1)(1,2)
Path Cost:257
#Nodes Expanded:52
Maximum Depth Reached:36
Maximum Size Frontier:6
-------Greedy BFS Custom @ h(s) = 0 trickySearch-------
%%%%%%%%%%%%%%%%%%%%
%-VV----VV-----%---%
%-%%-%%-%%-%%-%%-%-%
%----VV----VV----%-%
%%%%%%%%%%%%%%%%%%-%
%------------------%
%%%%%%%%%%%%%%%%%%%%
Path: (9,3)(10,3)(10,2)(9,3)(8,3)(7,3)(7,2)(9,3)(10,3)(10,2)(10,1)(11,1)(12,1)(13,1)(9,3)(10,3)(10,2)(10,1)(11,1)(12,1)(13,1)(13,2)(9,3)(8,3)(7,3)(7,2)(7,1)(6,1)(5,1)(4,1)(4,2)(9,3)(8,3)(7,3)(7,2)(7,1)(6,1)(5,1)(4,1)(4,2)(4,3)(3,3)(2,3)(1,3)(1,2)(9,3)(8,3)(7,3)(7,2)(7,1)(6,1)(5,1)(4,1)(4,2)(4,3)(3,3)(2,3)(1,3)(1,2)(1,1)(9,3)(10,3)(10,2)(10,1)(11,1)(12,1)(13,1)(14,1)(9,3)(10,3)(10,2)(10,1)(11,1)(12,1)(13,1)(13,2)(13,3)(14,3)(15,3)(16,3)(16,2)(16,1)(17,1)(18,1)(18,2)(18,3)(18,4)(18,5)(17,5)(16,5)(15,5)(14,5)(13,5)(12,5)(11,5)(10,5)(9,5)(8,5)(7,5)(6,5)(5,5)(9,3)(10,3)(10,2)(10,1)(11,1)(12,1)(13,1)(13,2)(13,3)(14,3)(15,3)(16,3)(16,2)(16,1)(17,1)(18,1)(18,2)(18,3)(18,4)(18,5)(17,5)(16,5)(15,5)(14,5)(13,5)(12,5)(11,5)(10,5)(9,5)(8,5)(7,5)(6,5)(5,5)(4,5)(9,3)(10,3)(10,2)(10,1)(11,1)(12,1)(13,1)(13,2)(13,3)(14,3)(15,3)(16,3)(16,2)(16,1)(17,1)(18,1)(18,2)(18,3)(18,4)(18,5)(17,5)(16,5)(15,5)(14,5)(13,5)(12,5)(11,5)(10,5)(9,5)(8,5)(7,5)(6,5)(5,5)(4,5)(3,5)(9,3)(10,3)(10,2)(10,1)(11,1)(12,1)(13,1)(13,2)(13,3)(14,3)(15,3)(16,3)(16,2)(16,1)(17,1)(18,1)(18,2)(18,3)(18,4)(18,5)(17,5)(16,5)(15,5)(14,5)(13,5)(12,5)(11,5)(10,5)(9,5)(8,5)(7,5)(6,5)(5,5)(4,5)(3,5)(2,5)(9,3)(10,3)(10,2)(10,1)(11,1)(12,1)(13,1)(13,2)(13,3)(14,3)(15,3)(16,3)(16,2)(16,1)(17,1)(18,1)(18,2)(18,3)(18,4)(18,5)(17,5)(16,5)(15,5)(14,5)(13,5)(12,5)(11,5)(10,5)(9,5)(8,5)(7,5)(6,5)(5,5)(4,5)(3,5)(2,5)(1,5)
Path Cost:243
#Nodes Expanded:58
Maximum Depth Reached:36
Maximum Size Frontier:9
-------Greedy BFS Custom @ h(s) = 1 trickySearch-------
%%%%%%%%%%%%%%%%%%%%
%-VV----VV-----%---%
%-%%-%%-%%-%%-%%-%-%
%----VV----VV----%-%
%%%%%%%%%%%%%%%%%%-%
%------------------%
%%%%%%%%%%%%%%%%%%%%
Path: (9,3)(10,3)(10,2)(9,3)(8,3)(7,3)(7,2)(9,3)(10,3)(10,2)(10,1)(11,1)(12,1)(13,1)(9,3)(10,3)(10,2)(10,1)(11,1)(12,1)(13,1)(13,2)(9,3)(8,3)(7,3)(7,2)(7,1)(6,1)(5,1)(4,1)(4,2)(9,3)(8,3)(7,3)(7,2)(7,1)(6,1)(5,1)(4,1)(4,2)(4,3)(3,3)(2,3)(1,3)(1,2)(9,3)(8,3)(7,3)(7,2)(7,1)(6,1)(5,1)(4,1)(4,2)(4,3)(3,3)(2,3)(1,3)(1,2)(1,1)(9,3)(10,3)(10,2)(10,1)(11,1)(12,1)(13,1)(14,1)(9,3)(10,3)(10,2)(10,1)(11,1)(12,1)(13,1)(13,2)(13,3)(14,3)(15,3)(16,3)(16,2)(16,1)(17,1)(18,1)(18,2)(18,3)(18,4)(18,5)(17,5)(16,5)(15,5)(14,5)(13,5)(12,5)(11,5)(10,5)(9,5)(8,5)(7,5)(6,5)(5,5)(9,3)(10,3)(10,2)(10,1)(11,1)(12,1)(13,1)(13,2)(13,3)(14,3)(15,3)(16,3)(16,2)(16,1)(17,1)(18,1)(18,2)(18,3)(18,4)(18,5)(17,5)(16,5)(15,5)(14,5)(13,5)(12,5)(11,5)(10,5)(9,5)(8,5)(7,5)(6,5)(5,5)(4,5)(9,3)(10,3)(10,2)(10,1)(11,1)(12,1)(13,1)(13,2)(13,3)(14,3)(15,3)(16,3)(16,2)(16,1)(17,1)(18,1)(18,2)(18,3)(18,4)(18,5)(17,5)(16,5)(15,5)(14,5)(13,5)(12,5)(11,5)(10,5)(9,5)(8,5)(7,5)(6,5)(5,5)(4,5)(3,5)(9,3)(10,3)(10,2)(10,1)(11,1)(12,1)(13,1)(13,2)(13,3)(14,3)(15,3)(16,3)(16,2)(16,1)(17,1)(18,1)(18,2)(18,3)(18,4)(18,5)(17,5)(16,5)(15,5)(14,5)(13,5)(12,5)(11,5)(10,5)(9,5)(8,5)(7,5)(6,5)(5,5)(4,5)(3,5)(2,5)(9,3)(10,3)(10,2)(10,1)(11,1)(12,1)(13,1)(13,2)(13,3)(14,3)(15,3)(16,3)(16,2)(16,1)(17,1)(18,1)(18,2)(18,3)(18,4)(18,5)(17,5)(16,5)(15,5)(14,5)(13,5)(12,5)(11,5)(10,5)(9,5)(8,5)(7,5)(6,5)(5,5)(4,5)(3,5)(2,5)(1,5)
Path Cost:243
#Nodes Expanded:58
Maximum Depth Reached:36
Maximum Size Frontier:9
-------Greedy BFS Custom remaining over total goals trickySearch-------
%%%%%%%%%%%%%%%%%%%%
%--------------%---%
%-%%-%%-%%-%%-%%-%-%
%VVVVVV----VV----%-%
%%%%%%%%%%%%%%%%%%-%
%------------------%
%%%%%%%%%%%%%%%%%%%%
Path: (9,3)(10,3)(10,2)(9,3)(10,3)(10,2)(10,1)(11,1)(12,1)(13,1)(9,3)(10,3)(10,2)(10,1)(11,1)(12,1)(13,1)(14,1)(9,3)(10,3)(10,2)(10,1)(11,1)(12,1)(13,1)(13,2)(9,3)(10,3)(10,2)(10,1)(9,1)(8,1)(7,1)(6,1)(5,1)(4,1)(3,1)(2,1)(1,1)(9,3)(10,3)(10,2)(10,1)(9,1)(8,1)(7,1)(6,1)(5,1)(4,1)(3,1)(2,1)(1,1)(1,2)(9,3)(10,3)(10,2)(10,1)(9,1)(8,1)(7,1)(6,1)(5,1)(4,1)(4,2)(9,3)(10,3)(10,2)(10,1)(11,1)(12,1)(13,1)(13,2)(13,3)(14,3)(15,3)(16,3)(16,2)(16,1)(17,1)(18,1)(18,2)(18,3)(18,4)(18,5)(17,5)(16,5)(15,5)(14,5)(13,5)(12,5)(11,5)(10,5)(9,5)(8,5)(7,5)(6,5)(5,5)(9,3)(10,3)(10,2)(10,1)(11,1)(12,1)(13,1)(13,2)(13,3)(14,3)(15,3)(16,3)(16,2)(16,1)(17,1)(18,1)(18,2)(18,3)(18,4)(18,5)(17,5)(16,5)(15,5)(14,5)(13,5)(12,5)(11,5)(10,5)(9,5)(8,5)(7,5)(6,5)(5,5)(4,5)(9,3)(10,3)(10,2)(10,1)(11,1)(12,1)(13,1)(13,2)(13,3)(14,3)(15,3)(16,3)(16,2)(16,1)(17,1)(18,1)(18,2)(18,3)(18,4)(18,5)(17,5)(16,5)(15,5)(14,5)(13,5)(12,5)(11,5)(10,5)(9,5)(8,5)(7,5)(6,5)(5,5)(4,5)(3,5)(9,3)(10,3)(10,2)(10,1)(11,1)(12,1)(13,1)(13,2)(13,3)(14,3)(15,3)(16,3)(16,2)(16,1)(17,1)(18,1)(18,2)(18,3)(18,4)(18,5)(17,5)(16,5)(15,5)(14,5)(13,5)(12,5)(11,5)(10,5)(9,5)(8,5)(7,5)(6,5)(5,5)(4,5)(3,5)(2,5)(9,3)(10,3)(10,2)(10,1)(11,1)(12,1)(13,1)(13,2)(13,3)(14,3)(15,3)(16,3)(16,2)(16,1)(17,1)(18,1)(18,2)(18,3)(18,4)(18,5)(17,5)(16,5)(15,5)(14,5)(13,5)(12,5)(11,5)(10,5)(9,5)(8,5)(7,5)(6,5)(5,5)(4,5)(3,5)(2,5)(1,5)(9,3)(8,3)(7,3)(7,2)
Path Cost:243
#Nodes Expanded:58
Maximum Depth Reached:36
Maximum Size Frontier:7
-------Greedy BFS Euclidean trickySearch-------
%%%%%%%%%%%%%%%%%%%%
%-           --%---%
%-%%-%%-%%-%%-%%-%-%
%----------------%-%
%%%%%%%%%%%%%%%%%%-%
%------------------%
%%%%%%%%%%%%%%%%%%%%
Path: (9,3)(8,3)(7,3)(6,3)(5,3)(4,3)(3,3)(2,3)(1,3)(1,2)(1,1)(9,3)(10,3)(11,3)(12,3)(13,3)(13,2)(13,1)(9,3)(10,3)(11,3)(12,3)(13,3)(13,2)(13,1)(14,1)(9,3)(8,3)(7,3)(6,3)(5,3)(4,3)(3,3)(2,3)(1,3)(1,2)(9,3)(8,3)(7,3)(6,3)(5,3)(4,3)(4,2)(9,3)(8,3)(7,3)(7,2)(9,3)(10,3)(10,2)(9,3)(10,3)(11,3)(12,3)(13,3)(13,2)(9,3)(10,3)(11,3)(12,3)(13,3)(14,3)(15,3)(16,3)(16,2)(16,1)(17,1)(18,1)(18,2)(18,3)(18,4)(18,5)(17,5)(16,5)(15,5)(14,5)(13,5)(12,5)(11,5)(10,5)(9,5)(8,5)(7,5)(6,5)(5,5)(4,5)(3,5)(2,5)(1,5)(9,3)(10,3)(11,3)(12,3)(13,3)(14,3)(15,3)(16,3)(16,2)(16,1)(17,1)(18,1)(18,2)(18,3)(18,4)(18,5)(17,5)(16,5)(15,5)(14,5)(13,5)(12,5)(11,5)(10,5)(9,5)(8,5)(7,5)(6,5)(5,5)(4,5)(3,5)(2,5)(9,3)(10,3)(11,3)(12,3)(13,3)(14,3)(15,3)(16,3)(16,2)(16,1)(17,1)(18,1)(18,2)(18,3)(18,4)(18,5)(17,5)(16,5)(15,5)(14,5)(13,5)(12,5)(11,5)(10,5)(9,5)(8,5)(7,5)(6,5)(5,5)(4,5)(3,5)(9,3)(10,3)(11,3)(12,3)(13,3)(14,3)(15,3)(16,3)(16,2)(16,1)(17,1)(18,1)(18,2)(18,3)(18,4)(18,5)(17,5)(16,5)(15,5)(14,5)(13,5)(12,5)(11,5)(10,5)(9,5)(8,5)(7,5)(6,5)(5,5)(4,5)(9,3)(10,3)(11,3)(12,3)(13,3)(14,3)(15,3)(16,3)(16,2)(16,1)(17,1)(18,1)(18,2)(18,3)(18,4)(18,5)(17,5)(16,5)(15,5)(14,5)(13,5)(12,5)(11,5)(10,5)(9,5)(8,5)(7,5)(6,5)(5,5)
Path Cost:211
#Nodes Expanded:333
Maximum Depth Reached:32
Maximum Size Frontier:5
-------Greedy BFS Manhattan trickySearch-------
%%%%%%%%%%%%%%%%%%%%
%-           --%---%
%-%%-%%-%%-%%-%%-%-%
%----------------%-%
%%%%%%%%%%%%%%%%%%-%
%------------------%
%%%%%%%%%%%%%%%%%%%%
Path: (9,3)(8,3)(7,3)(6,3)(5,3)(4,3)(3,3)(2,3)(1,3)(1,2)(1,1)(9,3)(10,3)(11,3)(12,3)(13,3)(13,2)(13,1)(9,3)(10,3)(11,3)(12,3)(13,3)(13,2)(13,1)(14,1)(9,3)(8,3)(7,3)(6,3)(5,3)(4,3)(3,3)(2,3)(1,3)(1,2)(9,3)(8,3)(7,3)(6,3)(5,3)(4,3)(4,2)(9,3)(8,3)(7,3)(7,2)(9,3)(10,3)(10,2)(9,3)(10,3)(11,3)(12,3)(13,3)(13,2)(9,3)(10,3)(11,3)(12,3)(13,3)(14,3)(15,3)(16,3)(16,2)(16,1)(17,1)(18,1)(18,2)(18,3)(18,4)(18,5)(17,5)(16,5)(15,5)(14,5)(13,5)(12,5)(11,5)(10,5)(9,5)(8,5)(7,5)(6,5)(5,5)(4,5)(3,5)(2,5)(1,5)(9,3)(10,3)(11,3)(12,3)(13,3)(14,3)(15,3)(16,3)(16,2)(16,1)(17,1)(18,1)(18,2)(18,3)(18,4)(18,5)(17,5)(16,5)(15,5)(14,5)(13,5)(12,5)(11,5)(10,5)(9,5)(8,5)(7,5)(6,5)(5,5)(4,5)(3,5)(2,5)(9,3)(10,3)(11,3)(12,3)(13,3)(14,3)(15,3)(16,3)(16,2)(16,1)(17,1)(18,1)(18,2)(18,3)(18,4)(18,5)(17,5)(16,5)(15,5)(14,5)(13,5)(12,5)(11,5)(10,5)(9,5)(8,5)(7,5)(6,5)(5,5)(4,5)(3,5)(9,3)(10,3)(11,3)(12,3)(13,3)(14,3)(15,3)(16,3)(16,2)(16,1)(17,1)(18,1)(18,2)(18,3)(18,4)(18,5)(17,5)(16,5)(15,5)(14,5)(13,5)(12,5)(11,5)(10,5)(9,5)(8,5)(7,5)(6,5)(5,5)(4,5)(9,3)(10,3)(11,3)(12,3)(13,3)(14,3)(15,3)(16,3)(16,2)(16,1)(17,1)(18,1)(18,2)(18,3)(18,4)(18,5)(17,5)(16,5)(15,5)(14,5)(13,5)(12,5)(11,5)(10,5)(9,5)(8,5)(7,5)(6,5)(5,5)
Path Cost:211
#Nodes Expanded:334
Maximum Depth Reached:32
Maximum Size Frontier:5
-------A* Search @ h(s) = 0trickySearch-------
%%%%%%%%%%%%%%%%%%%%
%----VVVVVVVV--%---%
%-%%-%%-%%-%%-%%-%-%
%----------------%-%
%%%%%%%%%%%%%%%%%%-%
%------------------%
%%%%%%%%%%%%%%%%%%%%
Path: (9,3)(10,3)(10,2)(9,3)(8,3)(7,3)(7,2)(9,3)(10,3)(11,3)(12,3)(13,3)(13,2)(9,3)(10,3)(11,3)(12,3)(13,3)(13,2)(13,1)(9,3)(8,3)(7,3)(6,3)(5,3)(4,3)(4,2)(9,3)(10,3)(11,3)(12,3)(13,3)(13,2)(13,1)(14,1)(9,3)(8,3)(7,3)(6,3)(5,3)(4,3)(3,3)(2,3)(1,3)(1,2)(9,3)(8,3)(7,3)(6,3)(5,3)(4,3)(4,2)(4,1)(3,1)(2,1)(1,1)(9,3)(10,3)(11,3)(12,3)(13,3)(14,3)(15,3)(16,3)(16,2)(16,1)(17,1)(18,1)(18,2)(18,3)(18,4)(18,5)(17,5)(16,5)(15,5)(14,5)(13,5)(12,5)(11,5)(10,5)(9,5)(8,5)(7,5)(6,5)(5,5)(9,3)(10,3)(11,3)(12,3)(13,3)(14,3)(15,3)(16,3)(16,2)(16,1)(17,1)(18,1)(18,2)(18,3)(18,4)(18,5)(17,5)(16,5)(15,5)(14,5)(13,5)(12,5)(11,5)(10,5)(9,5)(8,5)(7,5)(6,5)(5,5)(4,5)(9,3)(10,3)(11,3)(12,3)(13,3)(14,3)(15,3)(16,3)(16,2)(16,1)(17,1)(18,1)(18,2)(18,3)(18,4)(18,5)(17,5)(16,5)(15,5)(14,5)(13,5)(12,5)(11,5)(10,5)(9,5)(8,5)(7,5)(6,5)(5,5)(4,5)(3,5)(9,3)(10,3)(11,3)(12,3)(13,3)(14,3)(15,3)(16,3)(16,2)(16,1)(17,1)(18,1)(18,2)(18,3)(18,4)(18,5)(17,5)(16,5)(15,5)(14,5)(13,5)(12,5)(11,5)(10,5)(9,5)(8,5)(7,5)(6,5)(5,5)(4,5)(3,5)(2,5)(9,3)(10,3)(11,3)(12,3)(13,3)(14,3)(15,3)(16,3)(16,2)(16,1)(17,1)(18,1)(18,2)(18,3)(18,4)(18,5)(17,5)(16,5)(15,5)(14,5)(13,5)(12,5)(11,5)(10,5)(9,5)(8,5)(7,5)(6,5)(5,5)(4,5)(3,5)(2,5)(1,5)
Path Cost:211
#Nodes Expanded:58
Maximum Depth Reached:32
Maximum Size Frontier:7
-------A* Search @ h(s) =1 trickySearch-------
%%%%%%%%%%%%%%%%%%%%
%----VVVVVVVV--%---%
%-%%-%%-%%-%%-%%-%-%
%----------------%-%
%%%%%%%%%%%%%%%%%%-%
%------------------%
%%%%%%%%%%%%%%%%%%%%
Path: (9,3)(10,3)(10,2)(9,3)(8,3)(7,3)(7,2)(9,3)(10,3)(11,3)(12,3)(13,3)(13,2)(9,3)(10,3)(11,3)(12,3)(13,3)(13,2)(13,1)(9,3)(8,3)(7,3)(6,3)(5,3)(4,3)(4,2)(9,3)(10,3)(11,3)(12,3)(13,3)(13,2)(13,1)(14,1)(9,3)(8,3)(7,3)(6,3)(5,3)(4,3)(3,3)(2,3)(1,3)(1,2)(9,3)(8,3)(7,3)(6,3)(5,3)(4,3)(4,2)(4,1)(3,1)(2,1)(1,1)(9,3)(10,3)(11,3)(12,3)(13,3)(14,3)(15,3)(16,3)(16,2)(16,1)(17,1)(18,1)(18,2)(18,3)(18,4)(18,5)(17,5)(16,5)(15,5)(14,5)(13,5)(12,5)(11,5)(10,5)(9,5)(8,5)(7,5)(6,5)(5,5)(9,3)(10,3)(11,3)(12,3)(13,3)(14,3)(15,3)(16,3)(16,2)(16,1)(17,1)(18,1)(18,2)(18,3)(18,4)(18,5)(17,5)(16,5)(15,5)(14,5)(13,5)(12,5)(11,5)(10,5)(9,5)(8,5)(7,5)(6,5)(5,5)(4,5)(9,3)(10,3)(11,3)(12,3)(13,3)(14,3)(15,3)(16,3)(16,2)(16,1)(17,1)(18,1)(18,2)(18,3)(18,4)(18,5)(17,5)(16,5)(15,5)(14,5)(13,5)(12,5)(11,5)(10,5)(9,5)(8,5)(7,5)(6,5)(5,5)(4,5)(3,5)(9,3)(10,3)(11,3)(12,3)(13,3)(14,3)(15,3)(16,3)(16,2)(16,1)(17,1)(18,1)(18,2)(18,3)(18,4)(18,5)(17,5)(16,5)(15,5)(14,5)(13,5)(12,5)(11,5)(10,5)(9,5)(8,5)(7,5)(6,5)(5,5)(4,5)(3,5)(2,5)(9,3)(10,3)(11,3)(12,3)(13,3)(14,3)(15,3)(16,3)(16,2)(16,1)(17,1)(18,1)(18,2)(18,3)(18,4)(18,5)(17,5)(16,5)(15,5)(14,5)(13,5)(12,5)(11,5)(10,5)(9,5)(8,5)(7,5)(6,5)(5,5)(4,5)(3,5)(2,5)(1,5)
Path Cost:211
#Nodes Expanded:58
Maximum Depth Reached:32
Maximum Size Frontier:7
-------A* Search remaining over total goalstrickySearch-------
%%%%%%%%%%%%%%%%%%%%
%-VVVVVVVVVVV--%---%
%-%%-%%-%%-%%-%%-%-%
%----------------%-%
%%%%%%%%%%%%%%%%%%-%
%------------------%
%%%%%%%%%%%%%%%%%%%%
Path: (9,3)(10,3)(10,2)(9,3)(8,3)(7,3)(7,2)(9,3)(10,3)(11,3)(12,3)(13,3)(13,2)(9,3)(8,3)(7,3)(6,3)(5,3)(4,3)(4,2)(9,3)(10,3)(11,3)(12,3)(13,3)(13,2)(13,1)(9,3)(10,3)(11,3)(12,3)(13,3)(13,2)(13,1)(14,1)(9,3)(8,3)(7,3)(6,3)(5,3)(4,3)(3,3)(2,3)(1,3)(1,2)(9,3)(8,3)(7,3)(6,3)(5,3)(4,3)(3,3)(2,3)(1,3)(1,2)(1,1)(9,3)(10,3)(11,3)(12,3)(13,3)(14,3)(15,3)(16,3)(16,2)(16,1)(17,1)(18,1)(18,2)(18,3)(18,4)(18,5)(17,5)(16,5)(15,5)(14,5)(13,5)(12,5)(11,5)(10,5)(9,5)(8,5)(7,5)(6,5)(5,5)(9,3)(10,3)(11,3)(12,3)(13,3)(14,3)(15,3)(16,3)(16,2)(16,1)(17,1)(18,1)(18,2)(18,3)(18,4)(18,5)(17,5)(16,5)(15,5)(14,5)(13,5)(12,5)(11,5)(10,5)(9,5)(8,5)(7,5)(6,5)(5,5)(4,5)(9,3)(10,3)(11,3)(12,3)(13,3)(14,3)(15,3)(16,3)(16,2)(16,1)(17,1)(18,1)(18,2)(18,3)(18,4)(18,5)(17,5)(16,5)(15,5)(14,5)(13,5)(12,5)(11,5)(10,5)(9,5)(8,5)(7,5)(6,5)(5,5)(4,5)(3,5)(9,3)(10,3)(11,3)(12,3)(13,3)(14,3)(15,3)(16,3)(16,2)(16,1)(17,1)(18,1)(18,2)(18,3)(18,4)(18,5)(17,5)(16,5)(15,5)(14,5)(13,5)(12,5)(11,5)(10,5)(9,5)(8,5)(7,5)(6,5)(5,5)(4,5)(3,5)(2,5)(9,3)(10,3)(11,3)(12,3)(13,3)(14,3)(15,3)(16,3)(16,2)(16,1)(17,1)(18,1)(18,2)(18,3)(18,4)(18,5)(17,5)(16,5)(15,5)(14,5)(13,5)(12,5)(11,5)(10,5)(9,5)(8,5)(7,5)(6,5)(5,5)(4,5)(3,5)(2,5)(1,5)
Path Cost:211
#Nodes Expanded:58
Maximum Depth Reached:32
Maximum Size Frontier:6
skldakldjsa: 13
-------A* Search Euclidean trickySearch-------
%%%%%%%%%%%%%%%%%%%%
%-           --%---%
%-%%-%%-%%-%%-%%-%-%
%----------------%-%
%%%%%%%%%%%%%%%%%%-%
%------------------%
%%%%%%%%%%%%%%%%%%%%
Path: (9,3)(8,3)(7,3)(6,3)(5,3)(4,3)(3,3)(2,3)(1,3)(1,2)(1,1)(9,3)(10,3)(11,3)(12,3)(13,3)(13,2)(13,1)(9,3)(10,3)(11,3)(12,3)(13,3)(13,2)(13,1)(14,1)(9,3)(8,3)(7,3)(6,3)(5,3)(4,3)(3,3)(2,3)(1,3)(1,2)(9,3)(8,3)(7,3)(6,3)(5,3)(4,3)(4,2)(9,3)(8,3)(7,3)(7,2)(9,3)(10,3)(10,2)(9,3)(10,3)(11,3)(12,3)(13,3)(13,2)(9,3)(10,3)(11,3)(12,3)(13,3)(14,3)(15,3)(16,3)(16,2)(16,1)(17,1)(18,1)(18,2)(18,3)(18,4)(18,5)(17,5)(16,5)(15,5)(14,5)(13,5)(12,5)(11,5)(10,5)(9,5)(8,5)(7,5)(6,5)(5,5)(4,5)(3,5)(2,5)(1,5)(9,3)(10,3)(11,3)(12,3)(13,3)(14,3)(15,3)(16,3)(16,2)(16,1)(17,1)(18,1)(18,2)(18,3)(18,4)(18,5)(17,5)(16,5)(15,5)(14,5)(13,5)(12,5)(11,5)(10,5)(9,5)(8,5)(7,5)(6,5)(5,5)(4,5)(3,5)(2,5)(9,3)(10,3)(11,3)(12,3)(13,3)(14,3)(15,3)(16,3)(16,2)(16,1)(17,1)(18,1)(18,2)(18,3)(18,4)(18,5)(17,5)(16,5)(15,5)(14,5)(13,5)(12,5)(11,5)(10,5)(9,5)(8,5)(7,5)(6,5)(5,5)(4,5)(3,5)(9,3)(10,3)(11,3)(12,3)(13,3)(14,3)(15,3)(16,3)(16,2)(16,1)(17,1)(18,1)(18,2)(18,3)(18,4)(18,5)(17,5)(16,5)(15,5)(14,5)(13,5)(12,5)(11,5)(10,5)(9,5)(8,5)(7,5)(6,5)(5,5)(4,5)(9,3)(10,3)(11,3)(12,3)(13,3)(14,3)(15,3)(16,3)(16,2)(16,1)(17,1)(18,1)(18,2)(18,3)(18,4)(18,5)(17,5)(16,5)(15,5)(14,5)(13,5)(12,5)(11,5)(10,5)(9,5)(8,5)(7,5)(6,5)(5,5)
Path Cost:211
#Nodes Expanded:351
Maximum Depth Reached:32
Maximum Size Frontier:7
---------- 13
-------A* Search Manhattan trickySearch-------
%%%%%%%%%%%%%%%%%%%%
%----        --%---%
%-%%-%%-%%-%%-%%-%-%
%----------------%-%
%%%%%%%%%%%%%%%%%%-%
%------------------%
%%%%%%%%%%%%%%%%%%%%
Path: (9,3)(8,3)(7,3)(6,3)(5,3)(4,3)(4,2)(4,1)(3,1)(2,1)(1,1)(9,3)(10,3)(11,3)(12,3)(13,3)(13,2)(13,1)(9,3)(10,3)(11,3)(12,3)(13,3)(13,2)(13,1)(14,1)(9,3)(8,3)(7,3)(6,3)(5,3)(4,3)(3,3)(2,3)(1,3)(1,2)(9,3)(8,3)(7,3)(6,3)(5,3)(4,3)(4,2)(9,3)(8,3)(7,3)(7,2)(9,3)(10,3)(10,2)(9,3)(10,3)(11,3)(12,3)(13,3)(13,2)(9,3)(10,3)(11,3)(12,3)(13,3)(14,3)(15,3)(16,3)(16,2)(16,1)(17,1)(18,1)(18,2)(18,3)(18,4)(18,5)(17,5)(16,5)(15,5)(14,5)(13,5)(12,5)(11,5)(10,5)(9,5)(8,5)(7,5)(6,5)(5,5)(4,5)(3,5)(2,5)(1,5)(9,3)(10,3)(11,3)(12,3)(13,3)(14,3)(15,3)(16,3)(16,2)(16,1)(17,1)(18,1)(18,2)(18,3)(18,4)(18,5)(17,5)(16,5)(15,5)(14,5)(13,5)(12,5)(11,5)(10,5)(9,5)(8,5)(7,5)(6,5)(5,5)(4,5)(3,5)(2,5)(9,3)(10,3)(11,3)(12,3)(13,3)(14,3)(15,3)(16,3)(16,2)(16,1)(17,1)(18,1)(18,2)(18,3)(18,4)(18,5)(17,5)(16,5)(15,5)(14,5)(13,5)(12,5)(11,5)(10,5)(9,5)(8,5)(7,5)(6,5)(5,5)(4,5)(3,5)(9,3)(10,3)(11,3)(12,3)(13,3)(14,3)(15,3)(16,3)(16,2)(16,1)(17,1)(18,1)(18,2)(18,3)(18,4)(18,5)(17,5)(16,5)(15,5)(14,5)(13,5)(12,5)(11,5)(10,5)(9,5)(8,5)(7,5)(6,5)(5,5)(4,5)(9,3)(10,3)(11,3)(12,3)(13,3)(14,3)(15,3)(16,3)(16,2)(16,1)(17,1)(18,1)(18,2)(18,3)(18,4)(18,5)(17,5)(16,5)(15,5)(14,5)(13,5)(12,5)(11,5)(10,5)(9,5)(8,5)(7,5)(6,5)(5,5)
Path Cost:211
#Nodes Expanded:353
Maximum Depth Reached:32
Maximum Size Frontier:7
----------------------------------------
BUILD SUCCESSFUL (total time: 0 seconds)
