run:
-------BFStinyMaze-------
Path: (5,1)(5,2)(5,3)(4,3)(4,4)(3,4)(2,4)(2,5)(1,5)
Path Cost:8
#Nodes Expanded:15
Maximum Depth Reached:8
Maximum Size Frontier:2
-------DFStinyMaze-------
Path: (5,1)(5,2)(5,3)(4,3)(4,4)(3,4)(2,4)(2,5)(1,5)
Path Cost:8
#Nodes Expanded:14
Maximum Depth Reached:13
Maximum Size Frontier:3
-------Greedy BFS EuclideantinyMaze-------
Path: (5,1)(4,1)(3,1)(2,1)(1,1)(1,2)(1,3)(2,3)(2,4)(2,5)(1,5)
Path Cost:10
#Nodes Expanded:10
Maximum Depth Reached:10
Maximum Size Frontier:3
-------Greedy BFS ManhattantinyMaze-------
Path: (5,1)(4,1)(3,1)(2,1)(1,1)(1,2)(1,3)(2,3)(2,4)(2,5)(1,5)
Path Cost:10
#Nodes Expanded:10
Maximum Depth Reached:10
Maximum Size Frontier:3
-------A* Search EuclideantinyMaze-------
Path: (5,1)(5,2)(5,3)(4,3)(4,4)(3,4)(2,4)(2,5)(1,5)
Path Cost:8
#Nodes Expanded:13
Maximum Depth Reached:8
Maximum Size Frontier:3
-------A* Search ManhattantinyMaze-------
Path: (5,1)(5,2)(5,3)(4,3)(4,4)(3,4)(2,4)(2,5)(1,5)
Path Cost:8
#Nodes Expanded:14
Maximum Depth Reached:8
Maximum Size Frontier:2
----------------------------------------
-------BFSsmallMaze-------
Path: (11,3)(12,3)(13,3)(13,4)(13,5)(12,5)(12,6)(12,7)(11,7)(10,7)(10,8)(9,8)(8,8)(7,8)(6,8)(5,8)(4,8)(3,8)(2,8)(1,8)
Path Cost:19
#Nodes Expanded:91
Maximum Depth Reached:19
Maximum Size Frontier:8
-------DFSsmallMaze-------
Path: (11,3)(12,3)(13,3)(13,4)(13,5)(14,5)(15,5)(16,5)(16,6)(17,6)(18,6)(18,5)(19,5)(20,5)(20,6)(20,7)(20,8)(19,8)(18,8)(17,8)(16,8)(15,8)(14,8)(13,8)(13,7)(12,7)(11,7)(10,7)(10,8)(9,8)(8,8)(7,8)(6,8)(5,8)(4,8)(3,8)(2,8)(1,8)
Path Cost:37
#Nodes Expanded:68
Maximum Depth Reached:37
Maximum Size Frontier:5
-------Greedy BFS EuclideansmallMaze-------
Path: (11,3)(10,3)(9,3)(8,3)(7,3)(6,3)(6,4)(6,5)(6,6)(7,6)(8,6)(8,5)(9,5)(10,5)(11,5)(12,5)(12,6)(12,7)(11,7)(10,7)(10,8)(9,8)(8,8)(7,8)(6,8)(5,8)(4,8)(3,8)(2,8)(1,8)
Path Cost:29
#Nodes Expanded:39
Maximum Depth Reached:29
Maximum Size Frontier:5
-------Greedy BFS ManhattansmallMaze-------
Path: (11,3)(10,3)(9,3)(8,3)(7,3)(6,3)(6,4)(6,5)(6,6)(7,6)(8,6)(8,5)(9,5)(10,5)(11,5)(12,5)(12,6)(12,7)(11,7)(10,7)(10,8)(9,8)(8,8)(7,8)(6,8)(5,8)(4,8)(3,8)(2,8)(1,8)
Path Cost:29
#Nodes Expanded:39
Maximum Depth Reached:29
Maximum Size Frontier:5
-------A* Search EuclideansmallMaze-------
Path: (11,3)(12,3)(13,3)(13,4)(13,5)(12,5)(12,6)(12,7)(11,7)(10,7)(10,8)(9,8)(8,8)(7,8)(6,8)(5,8)(4,8)(3,8)(2,8)(1,8)
Path Cost:19
#Nodes Expanded:56
Maximum Depth Reached:19
Maximum Size Frontier:7
-------A* Search ManhattansmallMaze-------
Path: (11,3)(12,3)(13,3)(13,4)(13,5)(12,5)(12,6)(12,7)(11,7)(10,7)(10,8)(9,8)(8,8)(7,8)(6,8)(5,8)(4,8)(3,8)(2,8)(1,8)
Path Cost:19
#Nodes Expanded:52
Maximum Depth Reached:19
Maximum Size Frontier:8
----------------------------------------
-------BFSmediumMaze-------
Path: (34,1)(33,1)(32,1)(31,1)(30,1)(29,1)(28,1)(27,1)(26,1)(25,1)(25,2)(25,3)(26,3)(27,3)(27,4)(27,5)(27,6)(26,6)(25,6)(24,6)(24,5)(23,5)(22,5)(21,5)(20,5)(20,6)(20,7)(20,8)(21,8)(22,8)(23,8)(24,8)(25,8)(26,8)(27,8)(27,9)(27,10)(27,11)(27,12)(27,13)(27,14)(27,15)(26,15)(25,15)(24,15)(23,15)(22,15)(21,15)(20,15)(19,15)(18,15)(17,15)(16,15)(15,15)(14,15)(13,15)(12,15)(11,15)(10,15)(10,16)(9,16)(8,16)(7,16)(6,16)(5,16)(4,16)(3,16)(2,16)(1,16)
Path Cost:68
#Nodes Expanded:269
Maximum Depth Reached:69
Maximum Size Frontier:8
-------DFSmediumMaze-------
Path: (34,1)(34,2)(34,3)(33,3)(32,3)(31,3)(30,3)(30,4)(30,5)(31,5)(32,5)(33,5)(34,5)(34,6)(34,7)(33,7)(32,7)(31,7)(30,7)(30,8)(30,9)(31,9)(32,9)(33,9)(34,9)(34,10)(34,11)(33,11)(32,11)(31,11)(30,11)(30,12)(30,13)(31,13)(32,13)(33,13)(34,13)(34,14)(34,15)(34,16)(33,16)(32,16)(31,16)(30,16)(29,16)(28,16)(27,16)(27,15)(27,14)(27,13)(27,12)(27,11)(27,10)(27,9)(27,8)(26,8)(25,8)(24,8)(23,8)(22,8)(21,8)(20,8)(20,7)(20,6)(20,5)(21,5)(22,5)(23,5)(24,5)(24,6)(25,6)(26,6)(27,6)(27,5)(27,4)(27,3)(26,3)(25,3)(25,2)(25,1)(24,1)(23,1)(22,1)(21,1)(20,1)(19,1)(18,1)(17,1)(16,1)(15,1)(14,1)(13,1)(12,1)(11,1)(10,1)(9,1)(8,1)(7,1)(6,1)(5,1)(4,1)(3,1)(2,1)(1,1)(1,2)(1,3)(1,4)(1,5)(1,6)(1,7)(1,8)(1,9)(1,10)(2,10)(3,10)(4,10)(4,9)(4,8)(4,7)(4,6)(4,5)(4,4)(4,3)(5,3)(6,3)(6,4)(6,5)(6,6)(6,7)(6,8)(6,9)(7,9)(8,9)(8,8)(8,7)(8,6)(8,5)(8,4)(8,3)(9,3)(10,3)(10,4)(10,5)(10,6)(10,7)(11,7)(12,7)(12,6)(12,5)(12,4)(12,3)(13,3)(14,3)(15,3)(16,3)(17,3)(17,4)(17,5)(16,5)(15,5)(14,5)(14,6)(14,7)(15,7)(16,7)(17,7)(17,8)(17,9)(16,9)(15,9)(14,9)(13,9)(12,9)(11,9)(11,10)(11,11)(10,11)(9,11)(8,11)(7,11)(6,11)(6,12)(5,12)(4,12)(3,12)(2,12)(1,12)(1,13)(1,14)(2,14)(3,14)(4,14)(5,14)(6,14)(7,14)(8,14)(8,13)(9,13)(10,13)(11,13)(12,13)(13,13)(13,12)(13,11)(14,11)(15,11)(16,11)(17,11)(18,11)(19,11)(19,10)(20,10)(21,10)(22,10)(23,10)(24,10)(24,11)(24,12)(23,12)(22,12)(21,12)(21,13)(20,13)(19,13)(18,13)(17,13)(16,13)(15,13)(15,14)(15,15)(14,15)(13,15)(12,15)(11,15)(10,15)(10,16)(9,16)(8,16)(7,16)(6,16)(5,16)(4,16)(3,16)(2,16)(1,16)
Path Cost:244
#Nodes Expanded:264
Maximum Depth Reached:244
Maximum Size Frontier:11
-------Greedy BFS EuclideanmediumMaze-------
Path: (34,1)(33,1)(32,1)(31,1)(30,1)(29,1)(28,1)(27,1)(26,1)(25,1)(24,1)(23,1)(22,1)(21,1)(20,1)(19,1)(18,1)(17,1)(16,1)(15,1)(14,1)(13,1)(12,1)(11,1)(10,1)(9,1)(8,1)(7,1)(6,1)(5,1)(4,1)(3,1)(2,1)(1,1)(1,2)(1,3)(1,4)(1,5)(1,6)(1,7)(1,8)(1,9)(1,10)(2,10)(3,10)(4,10)(4,9)(4,8)(4,7)(4,6)(4,5)(4,4)(4,3)(5,3)(6,3)(6,4)(6,5)(6,6)(6,7)(6,8)(6,9)(7,9)(8,9)(8,8)(8,7)(8,6)(8,5)(8,4)(8,3)(9,3)(10,3)(10,4)(10,5)(10,6)(10,7)(11,7)(12,7)(12,6)(12,5)(13,5)(14,5)(14,6)(14,7)(15,7)(16,7)(17,7)(17,8)(17,9)(16,9)(15,9)(14,9)(13,9)(12,9)(11,9)(11,10)(11,11)(10,11)(9,11)(8,11)(7,11)(6,11)(6,12)(5,12)(4,12)(3,12)(2,12)(1,12)(1,13)(1,14)(2,14)(3,14)(4,14)(5,14)(6,14)(7,14)(8,14)(8,13)(9,13)(10,13)(11,13)(12,13)(13,13)(13,12)(13,11)(14,11)(15,11)(16,11)(17,11)(18,11)(19,11)(19,12)(19,13)(18,13)(17,13)(16,13)(15,13)(15,14)(15,15)(14,15)(13,15)(12,15)(11,15)(10,15)(10,16)(9,16)(8,16)(7,16)(6,16)(5,16)(4,16)(3,16)(2,16)(1,16)
Path Cost:152
#Nodes Expanded:159
Maximum Depth Reached:152
Maximum Size Frontier:8
-------Greedy BFS ManhattanmediumMaze-------
Path: (34,1)(33,1)(32,1)(31,1)(30,1)(29,1)(28,1)(27,1)(26,1)(25,1)(24,1)(23,1)(22,1)(21,1)(20,1)(19,1)(18,1)(17,1)(16,1)(15,1)(14,1)(13,1)(12,1)(11,1)(10,1)(9,1)(8,1)(7,1)(6,1)(5,1)(4,1)(3,1)(2,1)(1,1)(1,2)(1,3)(1,4)(1,5)(1,6)(1,7)(1,8)(1,9)(1,10)(2,10)(3,10)(4,10)(4,9)(4,8)(4,7)(4,6)(4,5)(4,4)(4,3)(5,3)(6,3)(6,4)(6,5)(6,6)(6,7)(6,8)(6,9)(7,9)(8,9)(8,8)(8,7)(8,6)(8,5)(8,4)(8,3)(9,3)(10,3)(10,4)(10,5)(10,6)(10,7)(11,7)(12,7)(12,6)(12,5)(13,5)(14,5)(14,6)(14,7)(15,7)(16,7)(17,7)(17,8)(17,9)(16,9)(15,9)(14,9)(13,9)(12,9)(11,9)(11,10)(11,11)(10,11)(9,11)(8,11)(7,11)(6,11)(6,12)(5,12)(4,12)(3,12)(2,12)(1,12)(1,13)(1,14)(2,14)(3,14)(4,14)(5,14)(6,14)(7,14)(8,14)(8,13)(9,13)(10,13)(11,13)(12,13)(13,13)(13,12)(13,11)(14,11)(15,11)(16,11)(17,11)(18,11)(19,11)(19,12)(19,13)(18,13)(17,13)(16,13)(15,13)(15,14)(15,15)(14,15)(13,15)(12,15)(11,15)(10,15)(10,16)(9,16)(8,16)(7,16)(6,16)(5,16)(4,16)(3,16)(2,16)(1,16)
Path Cost:152
#Nodes Expanded:156
Maximum Depth Reached:152
Maximum Size Frontier:8
-------A* Search EuclideanmediumMaze-------
Path: (34,1)(33,1)(32,1)(31,1)(30,1)(29,1)(28,1)(27,1)(26,1)(25,1)(25,2)(25,3)(26,3)(27,3)(27,4)(27,5)(27,6)(26,6)(25,6)(24,6)(24,5)(23,5)(22,5)(21,5)(20,5)(20,6)(20,7)(20,8)(21,8)(22,8)(23,8)(24,8)(25,8)(26,8)(27,8)(27,9)(27,10)(27,11)(27,12)(27,13)(27,14)(27,15)(26,15)(25,15)(24,15)(23,15)(22,15)(21,15)(20,15)(19,15)(18,15)(17,15)(16,15)(15,15)(14,15)(13,15)(12,15)(11,15)(10,15)(10,16)(9,16)(8,16)(7,16)(6,16)(5,16)(4,16)(3,16)(2,16)(1,16)
Path Cost:68
#Nodes Expanded:226
Maximum Depth Reached:68
Maximum Size Frontier:8
-------A* Search ManhattanmediumMaze-------
Path: (34,1)(33,1)(32,1)(31,1)(30,1)(29,1)(28,1)(27,1)(26,1)(25,1)(25,2)(25,3)(26,3)(27,3)(27,4)(27,5)(27,6)(26,6)(25,6)(24,6)(24,5)(23,5)(22,5)(21,5)(20,5)(20,6)(20,7)(20,8)(21,8)(22,8)(23,8)(24,8)(25,8)(26,8)(27,8)(27,9)(27,10)(27,11)(27,12)(27,13)(27,14)(27,15)(26,15)(25,15)(24,15)(23,15)(22,15)(21,15)(20,15)(19,15)(18,15)(17,15)(16,15)(15,15)(14,15)(13,15)(12,15)(11,15)(10,15)(10,16)(9,16)(8,16)(7,16)(6,16)(5,16)(4,16)(3,16)(2,16)(1,16)
Path Cost:68
#Nodes Expanded:221
Maximum Depth Reached:68
Maximum Size Frontier:8
----------------------------------------
-------BFSbigMaze-------
Path: (35,35)(35,34)(35,33)(34,33)(33,33)(32,33)(31,33)(31,32)(31,31)(30,31)(29,31)(29,32)(29,33)(28,33)(27,33)(26,33)(25,33)(24,33)(23,33)(22,33)(21,33)(20,33)(19,33)(18,33)(17,33)(16,33)(15,33)(15,32)(15,31)(16,31)(17,31)(17,30)(17,29)(16,29)(15,29)(15,28)(15,27)(15,26)(15,25)(15,24)(15,23)(16,23)(17,23)(18,23)(19,23)(20,23)(21,23)(21,24)(21,25)(22,25)(23,25)(23,24)(23,23)(24,23)(25,23)(26,23)(27,23)(27,22)(27,21)(28,21)(29,21)(29,22)(29,23)(30,23)(31,23)(31,22)(31,21)(31,20)(31,19)(31,18)(31,17)(32,17)(33,17)(34,17)(35,17)(35,16)(35,15)(35,14)(35,13)(35,12)(35,11)(35,10)(35,9)(35,8)(35,7)(34,7)(33,7)(33,8)(33,9)(32,9)(31,9)(30,9)(29,9)(29,10)(29,11)(29,12)(29,13)(29,14)(29,15)(28,15)(27,15)(27,16)(27,17)(27,18)(27,19)(26,19)(25,19)(25,18)(25,17)(24,17)(23,17)(22,17)(21,17)(20,17)(19,17)(18,17)(17,17)(16,17)(15,17)(14,17)(13,17)(13,16)(13,15)(14,15)(15,15)(15,14)(15,13)(15,12)(15,11)(15,10)(15,9)(16,9)(17,9)(18,9)(19,9)(20,9)(21,9)(21,8)(21,7)(21,6)(21,5)(21,4)(21,3)(21,2)(21,1)(20,1)(19,1)(18,1)(17,1)(16,1)(15,1)(15,2)(15,3)(14,3)(13,3)(12,3)(11,3)(11,4)(11,5)(11,6)(11,7)(12,7)(13,7)(13,8)(13,9)(12,9)(11,9)(10,9)(9,9)(8,9)(7,9)(6,9)(5,9)(4,9)(3,9)(3,10)(3,11)(3,12)(3,13)(3,14)(3,15)(3,16)(3,17)(3,18)(3,19)(4,19)(5,19)(5,20)(5,21)(5,22)(5,23)(4,23)(3,23)(3,24)(3,25)(3,26)(3,27)(4,27)(5,27)(5,28)(5,29)(4,29)(3,29)(3,30)(3,31)(3,32)(3,33)(2,33)(1,33)(1,34)(1,35)
Path Cost:210
#Nodes Expanded:621
Maximum Depth Reached:211
Maximum Size Frontier:8
-------DFSbigMaze-------
Path: (35,35)(35,34)(35,33)(34,33)(33,33)(32,33)(31,33)(31,32)(31,31)(30,31)(29,31)(29,32)(29,33)(28,33)(27,33)(26,33)(25,33)(24,33)(23,33)(22,33)(21,33)(20,33)(19,33)(18,33)(17,33)(16,33)(15,33)(15,32)(15,31)(16,31)(17,31)(17,30)(17,29)(16,29)(15,29)(15,28)(15,27)(15,26)(15,25)(15,24)(15,23)(16,23)(17,23)(18,23)(19,23)(20,23)(21,23)(21,24)(21,25)(22,25)(23,25)(23,24)(23,23)(24,23)(25,23)(26,23)(27,23)(27,22)(27,21)(28,21)(29,21)(29,22)(29,23)(30,23)(31,23)(31,22)(31,21)(31,20)(31,19)(31,18)(31,17)(32,17)(33,17)(34,17)(35,17)(35,16)(35,15)(35,14)(35,13)(35,12)(35,11)(35,10)(35,9)(35,8)(35,7)(34,7)(33,7)(33,8)(33,9)(32,9)(31,9)(30,9)(29,9)(29,10)(29,11)(29,12)(29,13)(29,14)(29,15)(28,15)(27,15)(27,16)(27,17)(27,18)(27,19)(26,19)(25,19)(25,18)(25,17)(24,17)(23,17)(22,17)(21,17)(20,17)(19,17)(18,17)(17,17)(16,17)(15,17)(14,17)(13,17)(13,16)(13,15)(14,15)(15,15)(15,14)(15,13)(15,12)(15,11)(15,10)(15,9)(16,9)(17,9)(18,9)(19,9)(20,9)(21,9)(21,8)(21,7)(21,6)(21,5)(21,4)(21,3)(21,2)(21,1)(20,1)(19,1)(18,1)(17,1)(16,1)(15,1)(15,2)(15,3)(14,3)(13,3)(12,3)(11,3)(11,4)(11,5)(11,6)(11,7)(12,7)(13,7)(13,8)(13,9)(12,9)(11,9)(10,9)(9,9)(8,9)(7,9)(6,9)(5,9)(4,9)(3,9)(3,10)(3,11)(3,12)(3,13)(3,14)(3,15)(3,16)(3,17)(3,18)(3,19)(4,19)(5,19)(5,20)(5,21)(5,22)(5,23)(4,23)(3,23)(3,24)(3,25)(3,26)(3,27)(4,27)(5,27)(5,28)(5,29)(4,29)(3,29)(3,30)(3,31)(3,32)(3,33)(2,33)(1,33)(1,34)(1,35)
Path Cost:210
#Nodes Expanded:466
Maximum Depth Reached:210
Maximum Size Frontier:31
-------Greedy BFS EuclideanbigMaze-------
Path: (35,35)(35,34)(35,33)(34,33)(33,33)(32,33)(31,33)(31,32)(31,31)(30,31)(29,31)(29,32)(29,33)(28,33)(27,33)(26,33)(25,33)(24,33)(23,33)(22,33)(21,33)(20,33)(19,33)(18,33)(17,33)(16,33)(15,33)(15,32)(15,31)(16,31)(17,31)(17,30)(17,29)(16,29)(15,29)(15,28)(15,27)(15,26)(15,25)(15,24)(15,23)(16,23)(17,23)(18,23)(19,23)(20,23)(21,23)(21,24)(21,25)(22,25)(23,25)(23,24)(23,23)(24,23)(25,23)(26,23)(27,23)(27,22)(27,21)(28,21)(29,21)(29,22)(29,23)(30,23)(31,23)(31,22)(31,21)(31,20)(31,19)(31,18)(31,17)(32,17)(33,17)(34,17)(35,17)(35,16)(35,15)(35,14)(35,13)(35,12)(35,11)(35,10)(35,9)(35,8)(35,7)(34,7)(33,7)(33,8)(33,9)(32,9)(31,9)(30,9)(29,9)(29,10)(29,11)(29,12)(29,13)(29,14)(29,15)(28,15)(27,15)(27,16)(27,17)(27,18)(27,19)(26,19)(25,19)(25,18)(25,17)(24,17)(23,17)(22,17)(21,17)(20,17)(19,17)(18,17)(17,17)(16,17)(15,17)(14,17)(13,17)(13,16)(13,15)(14,15)(15,15)(15,14)(15,13)(15,12)(15,11)(15,10)(15,9)(16,9)(17,9)(18,9)(19,9)(20,9)(21,9)(21,8)(21,7)(21,6)(21,5)(21,4)(21,3)(21,2)(21,1)(20,1)(19,1)(18,1)(17,1)(16,1)(15,1)(15,2)(15,3)(14,3)(13,3)(12,3)(11,3)(11,4)(11,5)(11,6)(11,7)(12,7)(13,7)(13,8)(13,9)(12,9)(11,9)(10,9)(9,9)(8,9)(7,9)(6,9)(5,9)(4,9)(3,9)(3,10)(3,11)(3,12)(3,13)(3,14)(3,15)(3,16)(3,17)(3,18)(3,19)(4,19)(5,19)(5,20)(5,21)(5,22)(5,23)(4,23)(3,23)(3,24)(3,25)(3,26)(3,27)(4,27)(5,27)(5,28)(5,29)(4,29)(3,29)(3,30)(3,31)(3,32)(3,33)(2,33)(1,33)(1,34)(1,35)
Path Cost:210
#Nodes Expanded:469
Maximum Depth Reached:210
Maximum Size Frontier:22
-------Greedy BFS ManhattanbigMaze-------
Path: (35,35)(35,34)(35,33)(34,33)(33,33)(32,33)(31,33)(31,32)(31,31)(30,31)(29,31)(29,32)(29,33)(28,33)(27,33)(26,33)(25,33)(24,33)(23,33)(22,33)(21,33)(20,33)(19,33)(18,33)(17,33)(16,33)(15,33)(15,32)(15,31)(16,31)(17,31)(17,30)(17,29)(16,29)(15,29)(15,28)(15,27)(15,26)(15,25)(15,24)(15,23)(16,23)(17,23)(18,23)(19,23)(20,23)(21,23)(21,24)(21,25)(22,25)(23,25)(23,24)(23,23)(24,23)(25,23)(26,23)(27,23)(27,22)(27,21)(28,21)(29,21)(29,22)(29,23)(30,23)(31,23)(31,22)(31,21)(31,20)(31,19)(31,18)(31,17)(32,17)(33,17)(34,17)(35,17)(35,16)(35,15)(35,14)(35,13)(35,12)(35,11)(35,10)(35,9)(35,8)(35,7)(34,7)(33,7)(33,8)(33,9)(32,9)(31,9)(30,9)(29,9)(29,10)(29,11)(29,12)(29,13)(29,14)(29,15)(28,15)(27,15)(27,16)(27,17)(27,18)(27,19)(26,19)(25,19)(25,18)(25,17)(24,17)(23,17)(22,17)(21,17)(20,17)(19,17)(18,17)(17,17)(16,17)(15,17)(14,17)(13,17)(13,16)(13,15)(14,15)(15,15)(15,14)(15,13)(15,12)(15,11)(15,10)(15,9)(16,9)(17,9)(18,9)(19,9)(20,9)(21,9)(21,8)(21,7)(21,6)(21,5)(21,4)(21,3)(21,2)(21,1)(20,1)(19,1)(18,1)(17,1)(16,1)(15,1)(15,2)(15,3)(14,3)(13,3)(12,3)(11,3)(11,4)(11,5)(11,6)(11,7)(12,7)(13,7)(13,8)(13,9)(12,9)(11,9)(10,9)(9,9)(8,9)(7,9)(6,9)(5,9)(4,9)(3,9)(3,10)(3,11)(3,12)(3,13)(3,14)(3,15)(3,16)(3,17)(3,18)(3,19)(4,19)(5,19)(5,20)(5,21)(5,22)(5,23)(4,23)(3,23)(3,24)(3,25)(3,26)(3,27)(4,27)(5,27)(5,28)(5,29)(4,29)(3,29)(3,30)(3,31)(3,32)(3,33)(2,33)(1,33)(1,34)(1,35)
Path Cost:210
#Nodes Expanded:455
Maximum Depth Reached:210
Maximum Size Frontier:24
-------A* Search EuclideanbigMaze-------
Path: (35,35)(35,34)(35,33)(34,33)(33,33)(32,33)(31,33)(31,32)(31,31)(30,31)(29,31)(29,32)(29,33)(28,33)(27,33)(26,33)(25,33)(24,33)(23,33)(22,33)(21,33)(20,33)(19,33)(18,33)(17,33)(16,33)(15,33)(15,32)(15,31)(16,31)(17,31)(17,30)(17,29)(16,29)(15,29)(15,28)(15,27)(15,26)(15,25)(15,24)(15,23)(16,23)(17,23)(18,23)(19,23)(20,23)(21,23)(21,24)(21,25)(22,25)(23,25)(23,24)(23,23)(24,23)(25,23)(26,23)(27,23)(27,22)(27,21)(28,21)(29,21)(29,22)(29,23)(30,23)(31,23)(31,22)(31,21)(31,20)(31,19)(31,18)(31,17)(32,17)(33,17)(34,17)(35,17)(35,16)(35,15)(35,14)(35,13)(35,12)(35,11)(35,10)(35,9)(35,8)(35,7)(34,7)(33,7)(33,8)(33,9)(32,9)(31,9)(30,9)(29,9)(29,10)(29,11)(29,12)(29,13)(29,14)(29,15)(28,15)(27,15)(27,16)(27,17)(27,18)(27,19)(26,19)(25,19)(25,18)(25,17)(24,17)(23,17)(22,17)(21,17)(20,17)(19,17)(18,17)(17,17)(16,17)(15,17)(14,17)(13,17)(13,16)(13,15)(14,15)(15,15)(15,14)(15,13)(15,12)(15,11)(15,10)(15,9)(16,9)(17,9)(18,9)(19,9)(20,9)(21,9)(21,8)(21,7)(21,6)(21,5)(21,4)(21,3)(21,2)(21,1)(20,1)(19,1)(18,1)(17,1)(16,1)(15,1)(15,2)(15,3)(14,3)(13,3)(12,3)(11,3)(11,4)(11,5)(11,6)(11,7)(12,7)(13,7)(13,8)(13,9)(12,9)(11,9)(10,9)(9,9)(8,9)(7,9)(6,9)(5,9)(4,9)(3,9)(3,10)(3,11)(3,12)(3,13)(3,14)(3,15)(3,16)(3,17)(3,18)(3,19)(4,19)(5,19)(5,20)(5,21)(5,22)(5,23)(4,23)(3,23)(3,24)(3,25)(3,26)(3,27)(4,27)(5,27)(5,28)(5,29)(4,29)(3,29)(3,30)(3,31)(3,32)(3,33)(2,33)(1,33)(1,34)(1,35)
Path Cost:210
#Nodes Expanded:557
Maximum Depth Reached:210
Maximum Size Frontier:10
-------A* Search ManhattanbigMaze-------
Path: (35,35)(35,34)(35,33)(34,33)(33,33)(32,33)(31,33)(31,32)(31,31)(30,31)(29,31)(29,32)(29,33)(28,33)(27,33)(26,33)(25,33)(24,33)(23,33)(22,33)(21,33)(20,33)(19,33)(18,33)(17,33)(16,33)(15,33)(15,32)(15,31)(16,31)(17,31)(17,30)(17,29)(16,29)(15,29)(15,28)(15,27)(15,26)(15,25)(15,24)(15,23)(16,23)(17,23)(18,23)(19,23)(20,23)(21,23)(21,24)(21,25)(22,25)(23,25)(23,24)(23,23)(24,23)(25,23)(26,23)(27,23)(27,22)(27,21)(28,21)(29,21)(29,22)(29,23)(30,23)(31,23)(31,22)(31,21)(31,20)(31,19)(31,18)(31,17)(32,17)(33,17)(34,17)(35,17)(35,16)(35,15)(35,14)(35,13)(35,12)(35,11)(35,10)(35,9)(35,8)(35,7)(34,7)(33,7)(33,8)(33,9)(32,9)(31,9)(30,9)(29,9)(29,10)(29,11)(29,12)(29,13)(29,14)(29,15)(28,15)(27,15)(27,16)(27,17)(27,18)(27,19)(26,19)(25,19)(25,18)(25,17)(24,17)(23,17)(22,17)(21,17)(20,17)(19,17)(18,17)(17,17)(16,17)(15,17)(14,17)(13,17)(13,16)(13,15)(14,15)(15,15)(15,14)(15,13)(15,12)(15,11)(15,10)(15,9)(16,9)(17,9)(18,9)(19,9)(20,9)(21,9)(21,8)(21,7)(21,6)(21,5)(21,4)(21,3)(21,2)(21,1)(20,1)(19,1)(18,1)(17,1)(16,1)(15,1)(15,2)(15,3)(14,3)(13,3)(12,3)(11,3)(11,4)(11,5)(11,6)(11,7)(12,7)(13,7)(13,8)(13,9)(12,9)(11,9)(10,9)(9,9)(8,9)(7,9)(6,9)(5,9)(4,9)(3,9)(3,10)(3,11)(3,12)(3,13)(3,14)(3,15)(3,16)(3,17)(3,18)(3,19)(4,19)(5,19)(5,20)(5,21)(5,22)(5,23)(4,23)(3,23)(3,24)(3,25)(3,26)(3,27)(4,27)(5,27)(5,28)(5,29)(4,29)(3,29)(3,30)(3,31)(3,32)(3,33)(2,33)(1,33)(1,34)(1,35)
Path Cost:210
#Nodes Expanded:549
Maximum Depth Reached:210
Maximum Size Frontier:12
----------------------------------------
-------BFSopenMaze-------
Path: (35,1)(34,1)(33,1)(32,1)(31,1)(30,1)(29,1)(28,1)(27,1)(26,1)(25,1)(24,1)(23,1)(22,1)(21,1)(20,1)(19,1)(18,1)(17,1)(16,1)(15,1)(14,1)(14,2)(14,3)(14,4)(14,5)(14,6)(14,7)(14,8)(14,9)(14,10)(14,11)(14,12)(14,13)(14,14)(14,15)(14,16)(14,17)(14,18)(13,18)(12,18)(11,18)(10,18)(9,18)(8,18)(7,18)(6,18)(5,18)(4,18)(3,18)(2,18)(1,18)(1,19)(1,20)(1,21)
Path Cost:54
#Nodes Expanded:682
Maximum Depth Reached:54
Maximum Size Frontier:23
-------DFSopenMaze-------
Path: (35,1)(35,2)(35,3)(35,4)(35,5)(35,6)(35,7)(35,8)(35,9)(35,10)(35,11)(35,12)(35,13)(34,13)(33,13)(33,12)(33,11)(33,10)(33,9)(33,8)(33,7)(33,6)(33,5)(33,4)(33,3)(33,2)(33,1)(32,1)(31,1)(31,2)(31,3)(31,4)(31,5)(31,6)(31,7)(31,8)(31,9)(31,10)(31,11)(31,12)(31,13)(30,13)(29,13)(29,12)(29,11)(29,10)(29,9)(29,8)(29,7)(29,6)(29,5)(29,4)(29,3)(29,2)(29,1)(28,1)(27,1)(27,2)(27,3)(27,4)(27,5)(27,6)(27,7)(27,8)(27,9)(27,10)(27,11)(27,12)(27,13)(26,13)(25,13)(25,12)(25,11)(25,10)(25,9)(25,8)(25,7)(25,6)(25,5)(25,4)(25,3)(25,2)(25,1)(24,1)(23,1)(23,2)(23,3)(23,4)(23,5)(23,6)(23,7)(23,8)(23,9)(23,10)(23,11)(23,12)(23,13)(22,13)(21,13)(21,12)(21,11)(21,10)(21,9)(21,8)(21,7)(21,6)(21,5)(21,4)(21,3)(21,2)(21,1)(20,1)(19,1)(19,2)(19,3)(19,4)(19,5)(19,6)(19,7)(19,8)(19,9)(19,10)(19,11)(19,12)(19,13)(19,14)(19,15)(19,16)(19,17)(19,18)(19,19)(19,20)(19,21)(18,21)(17,21)(17,20)(17,19)(17,18)(17,17)(17,16)(17,15)(17,14)(17,13)(17,12)(17,11)(17,10)(17,9)(17,8)(17,7)(17,6)(17,5)(17,4)(17,3)(17,2)(17,1)(16,1)(15,1)(15,2)(15,3)(15,4)(15,5)(15,6)(15,7)(15,8)(15,9)(15,10)(15,11)(15,12)(15,13)(15,14)(15,15)(15,16)(15,17)(15,18)(15,19)(15,20)(15,21)(14,21)(13,21)(13,20)(13,19)(13,18)(12,18)(12,17)(12,16)(12,15)(11,15)(10,15)(10,16)(10,17)(10,18)(10,19)(10,20)(10,21)(9,21)(8,21)(8,20)(8,19)(8,18)(8,17)(8,16)(8,15)(7,15)(6,15)(6,16)(6,17)(6,18)(6,19)(6,20)(6,21)(5,21)(4,21)(4,20)(4,19)(4,18)(4,17)(4,16)(4,15)(3,15)(2,15)(2,16)(2,17)(2,18)(2,19)(2,20)(2,21)(1,21)
Path Cost:226
#Nodes Expanded:333
Maximum Depth Reached:226
Maximum Size Frontier:194
-------Greedy BFS EuclideanopenMaze-------
Path: (35,1)(34,1)(33,1)(32,1)(31,1)(30,1)(29,1)(28,1)(27,1)(26,1)(25,1)(24,1)(23,1)(22,1)(21,1)(20,1)(20,2)(19,2)(19,3)(18,3)(18,4)(17,4)(17,5)(16,5)(16,6)(15,6)(15,7)(14,7)(14,8)(14,9)(14,10)(14,11)(14,12)(14,13)(14,14)(14,15)(14,16)(14,17)(14,18)(13,18)(12,18)(11,18)(10,18)(9,18)(8,18)(7,18)(6,18)(5,18)(4,18)(3,18)(3,19)(2,19)(2,20)(1,20)(1,21)
Path Cost:54
#Nodes Expanded:54
Maximum Depth Reached:54
Maximum Size Frontier:63
-------Greedy BFS ManhattanopenMaze-------
Path: (35,1)(34,1)(33,1)(32,1)(31,1)(30,1)(29,1)(28,1)(27,1)(26,1)(25,1)(24,1)(23,1)(22,1)(21,1)(20,1)(19,1)(18,1)(17,1)(16,1)(15,1)(14,1)(14,2)(14,3)(14,4)(14,5)(14,6)(14,7)(14,8)(14,9)(14,10)(14,11)(14,12)(14,13)(14,14)(14,15)(14,16)(14,17)(14,18)(13,18)(12,18)(11,18)(10,18)(9,18)(8,18)(7,18)(6,18)(5,18)(4,18)(3,18)(2,18)(1,18)(1,19)(1,20)(1,21)
Path Cost:54
#Nodes Expanded:211
Maximum Depth Reached:61
Maximum Size Frontier:64
-------A* Search EuclideanopenMaze-------
Path: (35,1)(34,1)(33,1)(32,1)(31,1)(30,1)(29,1)(28,1)(27,1)(26,1)(25,1)(24,1)(23,1)(22,1)(21,1)(21,2)(20,2)(19,2)(19,3)(18,3)(18,4)(18,5)(17,5)(17,6)(16,6)(16,7)(15,7)(15,8)(14,8)(14,9)(14,10)(14,11)(14,12)(14,13)(14,14)(14,15)(14,16)(14,17)(14,18)(13,18)(12,18)(11,18)(10,18)(9,18)(8,18)(7,18)(6,18)(5,18)(4,18)(3,18)(3,19)(3,20)(2,20)(2,21)(1,21)
Path Cost:54
#Nodes Expanded:517
Maximum Depth Reached:54
Maximum Size Frontier:51
-------A* Search ManhattanopenMaze-------
Path: (35,1)(34,1)(33,1)(32,1)(32,2)(31,2)(30,2)(29,2)(28,2)(27,2)(26,2)(25,2)(24,2)(24,3)(24,4)(23,4)(23,5)(22,5)(21,5)(21,6)(20,6)(19,6)(19,7)(19,8)(19,9)(19,10)(19,11)(19,12)(19,13)(19,14)(19,15)(19,16)(18,16)(18,17)(18,18)(18,19)(18,20)(17,20)(16,20)(15,20)(14,20)(13,20)(12,20)(11,20)(10,20)(9,20)(8,20)(7,20)(6,20)(5,20)(4,20)(3,20)(2,20)(1,20)(1,21)
Path Cost:54
#Nodes Expanded:256
Maximum Depth Reached:54
Maximum Size Frontier:88
BUILD SUCCESSFUL (total time: 0 seconds)
